sz 29
d 18
inflate 1
invert 0
[1]|[1]|[1]|[1]|[1]|[1]|[1]|[1]|[1]|[1]|[1]|[1]|[1]|[1]|[1]|[1]|[1]|[1]|[1]|[1]|[1]|[1]|[1]|[1]|[1]|[1]|[1]|[1]|[1]
[31661 55659 40213 2011 37517 49471 17544 33057 17167 64149 19220 54117 35017 57846 59785 18377 41283 18084]|[48488 25752 26643 6784 30971 58610 32034 34862 27251 38529 9192 1865 57451 26337 30063 17213 65309 4001]|[58409 23760 42490 7801 30997 27563 36992 7165 54582 45004 8474 15691 29426 6123 18212 61293 33092 45735]|[32163 39568 48859 19011 22802 21658 46583 35579 10035 12743 35863 14234 39838 23209 28443 26946 5171 57545]|[7302 24530 48629 55998 45361 22767 63306 10716 21790 12732 26963 65513 61438 16248 59003 44242 24502 39100]|[60071 44398 47913 33596 8304 19191 42760 5193 24376 13925 57631 15587 31053 23837 29821 44472 30753 43593]|[65004 5729 786 47639 28068 34140 3914 36505 34148 36021 20133 9283 44179 6065 51933 15178 3329 22551]|[58320 14299 7385 14443 40260 30495 46453 63577 64522 20955 35148 9028 27895 24015 44768 2697 7320 50318]|[10147 11993 1438 61195 18428 53200 305 47265 54983 19446 5416 42884 52602 16603 50982 11941 39241 5281]|[28997 56211 25620 56924 10827 24071 58206 40754 22581 18696 65353 51579 16288 2044 58687 56877 44214 23253]|[41663 35923 54748 53581 60569 58480 62027 1376 58999 60287 38649 5969 28902 12549 24245 47930 46027 62670]|[27595 28138 15211 31099 47480 45793 29363 5944 52217 9301 45183 8326 45390 15773 19590 13685 6985 51394]|[50604 9887 31573 35159 9337 42430 9484 20732 20433 55875 1254 3902 32435 14638 12447 30571 54234 45023]|[47503 15230 23258 12074 34794 24370 21856 22230 43572 2824 35838 19093 22360 62907 22552 6787 40284 48917]|[38556 18561 21262 27946 53048 46866 3544 30381 17452 27431 27083 49915 21416 58802 35467 26558 49262 19577]|[23312 27920 43261 13539 2570 53410 58987 33816 8043 27488 56172 1098 13256 28397 43069 64612 57899 34799]|[27049 25524 18928 63970 3628 2294 37632 31528 2613 59159 33739 10355 18552 25283 23848 42576 35370 25838]|[62672 64168 13897 61024 33207 62227 44321 28969 41245 63320 1853 41970 60773 15669 53603 32256 37934 33519]|[6703 59140 27297 62921 33745 14852 30525 43074 46642 54471 47718 42580 22845 13442 48989 24991 45038 41647]|[51103 3611 56436 13031 3350 36188 16901 31420 37601 3155 25730 63426 48947 19051 24172 20194 44954 17920]|[17162 48511 14197 21089 48884 51318 40345 39699 24316 42498 16480 1238 29146 306 45194 1689 28080 39526]|[24740 27535 56500 36545 31375 31243 7903 20027 27043 4708 29402 29599 8688 26063 52680 57595 42633 40480]|[55637 56510 55127 7052 42927 18533 23882 54833 44746 1505 36877 947 8840 27233 19777 6470 27781 55037]|[23928 13733 62867 21928 21892 41215 29856 6746 53206 54713 43954 6358 39565 38597 27972 28480 50569 58142]|[54846 49642 26027 32679 6743 53634 36514 1477 63013 65534 24527 48634 63163 16554 30993 34873 52836 15010]|[6096 11633 15062 23069 38989 57841 9606 8408 21554 60049 62913 11410 23473 60218 25127 21761 11772 17177]|[56370 39802 65126 49291 62351 56839 47181 4983 30686 50919 53457 7203 12470 29133 44938 60851 61652 41901]|[35128 28372 56823 35018 26238 56618 20809 6184 18458 26575 6786 11690 10813 6619 61827 25771 47015 3571]|[52268 4463 61756 50235 5770 54276 36751 49474 22785 24673 29229 53107 36219 31 63313 55327 60182 12505]
[43398 50326 54337 39570 49873 51752 62472 3737 9087 23546 16834 45885 50922 17071 22950 37351 26891 52808]|[11239 47657 21783 10833 31351 61193 3261 35450 64448 3489 23333 56700 21988 50155 4876 48439 6500 6169]|[12871 28764 7740 49692 63497 46013 50201 61621 43516 29944 4620 58755 46032 23249 48102 5465 9040 29017]|[25921 46170 54686 10250 51800 41686 6375 13417 31160 9860 60554 30529 58965 50734 2463 2633 53077 50289]|[55366 13818 59485 33149 33257 38369 31205 7261 11548 51072 8043 15242 59779 54795 37351 18351 39021 29657]|[21149 17334 16476 39067 34991 47585 19290 44401 43636 42138 1922 45147 8110 57505 39200 9747 40848 39778]|[9644 44432 27463 41808 19991 62176 33176 8603 30435 20620 29492 59022 12296 39333 20222 47858 48715 21185]|[8529 27238 25174 15591 28920 30529 12516 5318 12773 36899 15553 28057 46992 51197 47472 55707 65293 6478]|[4554 20664 4842 13045 34006 39431 7122 6628 2374 54680 3965 25889 11348 38060 5791 53577 50004 39833]|[56169 28189 6010 29353 30726 30159 15763 49912 7764 53408 15250 48274 1344 57544 50349 7097 38443 519]|[51943 1854 48125 24201 31830 27896 2250 13008 51974 31213 39232 29482 12240 52511 9853 44743 3819 2764]|[45172 3352 6611 51938 37923 30687 61583 18334 49542 1374 18560 27067 23546 14580 37258 35044 24714 10088]|[22204 36914 25440 17285 9424 61878 39188 5806 6722 19239 60730 1717 24185 35558 33935 25354 22814 34860]|[5642 24940 28987 11811 26849 14475 11561 40151 11282 37704 1023 1423 11344 4538 40053 50865 32606 23076]|[12801 12190 27726 59405 31472 43546 36427 14203 14033 1193 20786 45429 48565 36729 344 31449 14665 59937]|[45363 35301 63754 21572 34824 29814 26525 64038 15864 3645 12932 14151 8859 50241 40461 34643 54291 25208]|[29563 22967 10381 44644 53669 59323 16515 11508 9610 50770 55902 65308 55742 16358 3597 34200 50558 38718]|[17692 48233 15518 2864 19433 24433 35010 2203 62671 33888 51969 20915 58312 34954 46994 45429 44854 59623]|[1285 63767 19997 8909 55860 19377 3955 41341 21417 18859 37613 58794 44407 45301 61867 1682 52149 48363]|[57121 26030 47973 16103 16363 6159 45352 42979 33708 12846 27046 21262 35718 41304 20834 58237 46795 25536]|[64996 19976 18462 50507 63574 56495 39904 62336 25437 61100 6983 1068 32963 22684 12090 61177 45829 2730]|[63081 45887 38641 25118 63943 27185 62713 16567 12688 45106 47025 61821 64090 1964 15373 45072 59610 3715]|[51034 42394 56070 61522 61046 40740 5292 58598 58808 63098 34453 30530 46991 37916 57024 23481 21805 49041]|[24453 28253 54161 47007 11813 41552 63577 58611 38100 49103 57485 42789 53262 17764 12302 46722 3110 47885]|[56621 35478 64296 27883 966 51054 59996 62026 44219 20985 39888 19254 5335 6853 3839 27703 2416 33641]|[37002 48319 36773 44122 12740 41989 44441 18200 48871 13434 6541 11491 18225 42856 56065 18664 52521 13537]|[24501 52747 3980 2713 16876 57398 8941 10822 50060 38536 58298 55656 47818 33169 30605 27760 16818 2220]|[55912 41575 10094 60320 31662 57574 27760 33709 378 19221 34067 36312 21861 54271 11481 3679 3134 33894]|[4219 22508 64087 56424 64749 31766 7132 6077 34804 24294 60216 43143 38909 654 27584 52724 22364 224]
[24243 57582 14727 35061 2293 4583 60449 2297 31465 9655 16610 57974 33105 62475 57248 60331 19202 59309]|[20970 17095 28447 39032 26017 4760 48973 40090 33131 1767 59157 36836 4116 31300 25848 33681 32357 26829]|[43195 14379 62219 42456 14693 55964 7227 29087 59196 33951 52029 5108 50369 2902 55828 55616 31467 28650]|[62167 9294 12970 17266 8757 9502 42403 41765 10354 4444 19200 34486 36128 60951 10527 19225 15169 16530]|[4243 12998 12284 5933 6828 52111 56770 14234 24441 26265 42892 8410 25597 40362 15205 43695 64883 7522]|[40778 34461 50268 35158 47339 22087 63581 60243 23189 58093 22013 37594 12113 40315 29828 33657 21165 4662]|[39744 35217 51518 20699 25765 5245 10313 7718 37322 50171 61588 43279 8894 9979 14069 48288 61536 33026]|[21464 15873 36229 52499 22828 54317 63155 39135 1829 18113 21921 21715 53833 2851 2585 34156 695 59219]|[31863 47372 44044 39880 5094 16722 32307 60491 7040 22717 36138 29843 37631 53040 13077 2319 39659 63220]|[14897 4312 18285 11073 276 36063 59088 20753 13746 51806 61114 14946 21504 26022 53334 37092 24889 20110]|[11798 2401 56827 14982 14833 6814 42617 52802 50083 28942 12034 64929 21598 65455 44011 8940 32810 60518]|[52684 2864 20882 23612 2885 12654 33466 50547 31979 57018 130 47647 17695 45967 19137 50550 6470 25650]|[45727 58814 32389 16312 52817 26468 51627 24452 40095 10286 53820 50144 40452 56112 47509 38424 3946 13358]|[50263 24703 11311 21192 58637 34742 34833 31118 41319 50688 61776 16830 42470 20339 18517 48970 55447 61617]|[57980 51709 1478 6426 35820 61748 24603 1353 44348 16110 28497 57033 44575 27343 63259 8482 32997 429]|[21946 13553 43283 3145 5820 42904 51947 49880 7002 38529 56335 53078 17820 40472 41278 56188 20610 30789]|[9949 65492 28248 57676 14343 21253 64917 56898 49342 6264 25189 28275 1781 14601 40862 51544 23452 5037]|[25173 5582 12566 18705 38277 23735 44560 45552 2124 24576 39921 14691 32835 15390 10363 43205 41163 61637]|[31828 55091 23039 59498 63511 61352 20571 42208 15911 32731 3236 36378 51383 46513 2432 56633 46535 26348]|[42985 61901 46912 3355 8135 35983 58274 49158 12582 52428 57223 31434 44129 36384 46489 34116 32941 25927]|[26581 50014 18789 15916 56146 49794 21078 4336 22673 29243 10929 53362 20866 8605 34044 29489 20310 57408]|[32613 23500 33344 48919 25724 48399 26575 39224 494 63633 22587 37089 62373 31556 10736 10112 3064 13452]|[61577 23660 1517 1287 43825 20399 698 19963 4768 53210 16674 13912 57830 1567 49277 61028 31874 12670]|[29725 1944 58128 41137 27267 2777 54845 51365 24730 50743 26769 24355 36001 44340 33530 31439 21359 1061]|[22259 4008 26730 918 17187 28636 24758 51324 34917 964 57621 15082 2670 41048 24679 40317 51245 24457]|[60532 28395 2818 28258 55048 23745 31785 14037 3120 34291 19164 191 23962 47829 19152 26936 13494 21420]|[4643 41959 1291 34750 39210 51954 48370 58148 33767 15889 36988 37084 3519 24918 48079 39964 6339 50225]|[34952 3574 20620 34388 8326 20255 9889 63693 26149 55144 60684 31140 50434 35604 40145 34045 54738 36954]|[14123 47383 30628 57519 17917 16255 50914 62292 26637 5393 16235 62791 27569 16992 21661 2777 58848 26643]
[52305 6589 26569 45060 32189 49640 30173 31934 15249 3493 23890 63293 4761 35080 23347 41836 55422 57578]|[56039 53158 35030 20858 6558 5934 55317 12204 31080 15534 5829 43636 5774 20697 55012 62503 1073 22427]|[16439 2923 16937 26803 43922 43553 51606 37832 18426 8634 54499 56046 51905 56068 62850 61966 44695 11806]|[44286 41337 47211 4618 33253 6662 40260 39218 27773 64353 759 59462 65330 31635 3540 61824 37460 20082]|[57429 61865 62296 42839 32417 36291 8024 12463 39453 13218 23250 49820 39435 21337 27467 1075 35286 21675]|[19299 5787 26769 48967 10023 2703 3328 48307 51711 12141 46749 27682 52666 32836 4840 25665 23617 15055]|[26578 38025 63105 44759 48586 64851 16337 29347 56207 56472 20639 40071 45675 49763 35474 40479 41610 34350]|[10608 33638 49989 54301 28249 42685 2829 56215 53362 32429 63608 58189 39278 53618 64406 32715 51794 63311]|[19761 58209 51397 16855 21662 62804 45895 873 44437 16616 29108 24877 21373 40398 57447 63146 3275 49684]|[31798 57666 9324 3040 25085 32669 35776 1293 22527 51486 9114 42805 56991 4880 8734 31787 55523 23998]|[42527 28081 54082 29573 43612 20613 30971 1071 1737 43308 4929 5004 22269 28059 64545 61662 54199 50471]|[28754 26118 46686 17869 48894 43163 55807 30503 37744 45044 31343 17549 41666 44022 59986 36977 36406 9875]|[17422 45691 25773 48333 55103 46982 1180 61158 27959 9595 56748 16772 38218 28306 13934 50413 5823 26863]|[11711 56250 24899 17473 13604 6147 29042 58749 56960 63270 57648 54209 49803 52331 16854 47017 4671 33857]|[56700 34454 40924 478 27110 36218 37365 44875 64376 11924 27124 16524 32776 8249 60773 5376 35830 18815]|[31031 49145 23810 17228 31389 13055 28744 27351 18486 19453 47639 42558 30765 62006 17627 35584 891 42354]|[29239 43493 12564 29099 45336 57864 25141 9453 18877 10977 38730 34989 45468 54385 45020 15405 36714 46224]|[38148 59026 31452 54498 12755 63767 46267 48878 1064 38007 57159 57162 52017 11005 40900 1274 4879 60418]|[50915 57738 64901 44000 29405 42759 30999 37720 8245 17387 43870 7870 31097 45869 8558 63686 42055 14166]|[32218 61022 36358 12204 18974 42437 7367 18905 21987 12786 8902 54635 40256 47169 15792 55986 63265 43908]|[37655 14018 2720 6282 29851 38326 44299 22451 5904 39788 13016 46923 13238 21354 25145 36657 60310 24790]|[6162 3481 65224 29194 9648 42715 13251 58136 34129 7648 11903 27287 62668 22760 64474 47382 43313 37964]|[28955 6390 9483 543 43971 46092 7973 2804 51634 18019 46240 26958 29764 38734 1136 59172 62264 26319]|[19178 63525 50869 58257 42570 17066 34621 23760 31960 14178 61025 55907 15769 8765 61135 26681 53795 20779]|[48816 31977 29006 52956 57578 16922 52193 10719 64437 15424 10725 16564 29542 17882 24075 35966 61083 44079]|[4165 48206 16459 2254 20833 54857 40200 62943 6061 25198 24538 45909 27480 32996 62031 48645 4649 50667]|[30880 5069 1088 13662 56143 30912 5086 49396 19513 25328 23505 30444 28107 23962 6280 44999 30367 51756]|[60527 36101 15741 18399 168 16094 40064 44893 18988 56947 54590 37129 61728 23923 65320 14490 1075 2340]|[57989 11998 2585 12319 21512 42715 47899 56956 25576 47114 51014 28882 60682 45003 49957 887 28755 49962]
[20528 52535 19238 56358 19441 28241 62911 50497 31990 37325 22550 28213 40845 14709 21041 50523 45671 30448]|[23441 61144 40645 36369 1142 29889 8461 59284 19594 57252 32578 63220 60237 26545 28113 38077 46446 53408]|[64756 34082 50113 7816 49605 21906 26428 50636 52203 40947 65445 29005 9100 15799 37743 39903 27663 14509]|[328 7865 59749 39335 25359 12055 57338 33577 19088 28668 35396 59489 10725 17628 64764 12115 35276 55742]|[60732 23604 21675 16932 14990 3497 65278 64846 33584 21580 53376 50715 43575 31245 28235 54308 58617 56627]|[33172 31441 10673 57470 13887 5178 9143 47434 44614 5581 8892 7080 65475 24446 21772 3223 61807 52014]|[56310 10840 35483 9472 992 6134 58526 20025 19108 1572 45637 37845 28669 62383 26201 38171 39652 594]|[53991 35775 37875 38845 57504 40557 34826 36990 9188 19504 54037 33785 1117 40277 27919 53220 2377 44286]|[36706 18545 13310 58373 2005 62857 4038 36133 24798 8364 59986 541 25276 4168 22149 37681 30104 54279]|[20646 53561 45450 2813 38342 52988 13240 18985 26840 61589 59702 3051 48171 54678 2238 182 60934 44745]|[27621 61710 29300 46457 53032 27429 10639 60028 41009 43931 26095 32979 59600 13755 7604 22179 6849 25304]|[13989 18383 36589 55919 40575 46047 3060 58247 44950 43747 5718 3729 49408 9919 41760 24485 19660 27548]|[55047 13298 64288 19934 59661 38304 22368 15094 40804 24117 2410 23095 37483 31360 4298 52184 55176 65206]|[23559 32746 23441 10673 18926 4107 24050 49053 64157 11637 20306 63392 6267 12091 13781 54093 21508 47894]|[29974 9063 62097 39959 33464 46419 37849 13732 13426 54955 47441 19995 10639 7843 18393 39430 15965 1810]|[7851 19786 36070 46847 38822 46318 62564 60559 15921 62352 42811 51544 33727 22098 11375 39182 12859 27085]|[7102 19681 51627 19134 41450 62435 62943 16260 33885 25968 49535 45842 21780 22761 48780 56662 16241 39190]|[8368 25103 43584 35517 18628 24446 43243 1954 49227 12914 6327 39028 59575 29784 9363 37417 46309 30274]|[35789 9509 65415 60794 61004 59502 44943 7470 4371 56136 36367 42758 17401 43341 33858 53101 14744 36823]|[1995 57046 45219 13124 37266 61808 9709 53446 40627 39752 37613 57435 61200 13502 61552 33526 25928 10833]|[63688 35634 10765 47217 39436 14217 56374 2576 35617 42077 9626 47465 63800 14398 53470 861 3396 61318]|[36931 4812 30480 32205 50340 44819 48313 39814 41250 35187 56484 47682 29929 24762 5117 6517 43193 6183]|[2076 14845 43635 27735 38279 9871 38154 40487 63302 46886 29257 53520 30227 60036 57267 30657 63834 11481]|[53560 25949 40277 13978 22154 44361 10721 49371 54037 60691 40736 24689 16034 10003 38861 34108 57049 38578]|[54860 28888 19944 35486 56319 59723 6370 44633 37205 58010 21261 43911 9789 46112 62198 36593 10788 32993]|[34060 2780 24455 47732 24380 64006 45603 37141 31394 38473 4953 6730 3192 18229 8938 49924 52182 13355]|[6899 63603 14686 61836 38 59409 60597 12244 21182 17598 35580 19129 46970 50315 33192 16823 60089 8579]|[35440 40280 57405 29572 5499 39754 64377 52997 29462 63959 41862 64096 27844 65477 21423 55039 31182 56635]|[49443 31035 61229 10269 5144 7720 1832 23588 5879 51374 57703 59476 14791 18545 53727 137 59766 32218]
[42003 21165 21261 26447 37659 11877 54301 7539 393 63670 24139 13077 5823 50583 916 33608 3526 17068]|[56979 15914 49964 63290 5362 49702 42126 28823 21794 15013 7931 57865 11287 11800 32120 29487 25583 51005]|[22000 35008 3692 10837 50153 31810 63714 50310 55887 28802 19051 30490 54982 42532 39931 20247 33760 58987]|[59769 17846 12752 10996 54206 27557 50867 3539 61121 11206 47387 55536 58223 50629 46801 52814 17564 5924]|[32339 15300 24283 35874 10487 5301 56881 58581 48600 36132 17052 55891 44538 62524 53760 32212 22222 1553]|[64301 11606 7398 5363 58400 38820 12801 18493 44012 430 44979 36960 19183 37771 6850 25472 184 29970]|[40114 20218 62505 16498 37451 26250 35012 13508 10585 729 51917 29702 8358 31193 9148 16915 22159 21451]|[52933 6499 31781 44368 49338 47587 58569 8848 50087 7946 2745 34907 6725 4985 25929 51364 56186 27527]|[23847 32919 27563 54781 37151 19129 108 23867 55995 41379 25436 48178 33705 38945 27605 36895 54502 23102]|[48819 62619 9463 18429 3705 11087 44569 34351 8054 6064 10319 16580 18464 37258 4240 8614 38129 58192]|[36742 60739 25887 12956 4715 7886 61899 34193 23222 13998 59889 5718 24862 43531 30011 34479 2599 59749]|[25400 17619 51357 47786 47505 32674 46129 58829 56886 43825 34705 55481 58669 62227 30006 10458 61787 36551]|[15248 25225 44135 47528 55928 21240 4882 54820 15635 2020 23559 27710 24913 27117 36219 22445 9286 16981]|[50336 9225 44225 6232 12946 57 28279 53451 22672 43564 56093 13861 61812 27191 37002 62172 14927 29326]|[35606 65234 3342 48195 63000 4953 60034 65344 37054 6204 21960 41105 59200 62194 58673 18972 36497 10143]|[5471 20444 12441 5625 53434 44336 28544 21355 45361 64210 29594 60283 35325 19355 63063 27967 64538 6843]|[36764 28464 20738 16117 18358 24849 55 55164 17347 19096 18704 62332 24491 24196 18378 42942 60446 23675]|[12676 44275 47079 46221 195 37834 21607 14691 11696 29841 44060 63246 11844 20800 12928 64529 24499 63208]|[7504 55886 63162 9661 21717 24057 24316 25306 8124 15220 48042 39268 18029 8023 55502 39774 51753 35262]|[54917 36433 44483 498 64207 52593 10949 24717 62536 8066 23520 13863 10281 31942 58522 40380 5235 64537]|[15751 52145 22718 3920 34131 17519 11951 37312 52603 23828 33816 11994 25875 32596 41251 26656 46584 40085]|[57650 20812 50072 24161 36677 10253 59826 50250 33456 60783 29153 1952 36883 41151 24346 18148 18677 55864]|[53751 57657 44367 17711 33949 61477 31254 14782 50345 27990 54342 34667 10865 51174 28754 3193 16274 40808]|[59402 14754 55148 24257 27307 41450 4474 59629 6787 20266 34203 21794 5548 57394 15646 24460 22360 15032]|[28594 43550 40629 49993 63446 50241 45186 24847 51501 17723 37205 7479 83 58019 53268 44657 11258 43655]|[54002 57530 42260 55633 45990 37270 56332 26450 39534 32603 3639 22029 55957 15877 13498 16079 53112 11532]|[17125 33155 1830 19297 48648 20539 2274 12541 64484 59817 38594 3450 53421 54508 18537 47287 26950 23686]|[2901 30049 47235 6785 7062 57758 16998 23069 60825 14351 44720 1765 44870 15651 155 4548 27913 60358]|[24219 20676 30596 49493 41554 45869 18246 52554 27304 34513 12770 42931 23877 44884 60449 59843 1531 7052]
[37655 14018 2720 6282 29851 38326 44299 22451 5904 39788 13016 46923 13238 21354 25145 36657 60310 24790]|[6162 3481 65224 29194 9648 42715 13251 58136 34129 7648 11903 27287 62668 22760 64474 47382 43313 37964]|[28955 6390 9483 543 43971 46092 7973 2804 51634 18019 46240 26958 29764 38734 1136 59172 62264 26319]|[19178 63525 50869 58257 42570 17066 34621 23760 31960 14178 61025 55907 15769 8765 61135 26681 53795 20779]|[48816 31977 29006 52956 57578 16922 52193 10719 64437 15424 10725 16564 29542 17882 24075 35966 61083 44079]|[4165 48206 16459 2254 20833 54857 40200 62943 6061 25198 24538 45909 27480 32996 62031 48645 4649 50667]|[30880 5069 1088 13662 56143 30912 5086 49396 19513 25328 23505 30444 28107 23962 6280 44999 30367 51756]|[60527 36101 15741 18399 168 16094 40064 44893 18988 56947 54590 37129 61728 23923 65320 14490 1075 2340]|[57989 11998 2585 12319 21512 42715 47899 56956 25576 47114 51014 28882 60682 45003 49957 887 28755 49962]|[52305 6589 26569 45060 32189 49640 30173 31934 15249 3493 23890 63293 4761 35080 23347 41836 55422 57578]|[56039 53158 35030 20858 6558 5934 55317 12204 31080 15534 5829 43636 5774 20697 55012 62503 1073 22427]|[16439 2923 16937 26803 43922 43553 51606 37832 18426 8634 54499 56046 51905 56068 62850 61966 44695 11806]|[44286 41337 47211 4618 33253 6662 40260 39218 27773 64353 759 59462 65330 31635 3540 61824 37460 20082]|[57429 61865 62296 42839 32417 36291 8024 12463 39453 13218 23250 49820 39435 21337 27467 1075 35286 21675]|[19299 5787 26769 48967 10023 2703 3328 48307 51711 12141 46749 27682 52666 32836 4840 25665 23617 15055]|[26578 38025 63105 44759 48586 64851 16337 29347 56207 56472 20639 40071 45675 49763 35474 40479 41610 34350]|[10608 33638 49989 54301 28249 42685 2829 56215 53362 32429 63608 58189 39278 53618 64406 32715 51794 63311]|[19761 58209 51397 16855 21662 62804 45895 873 44437 16616 29108 24877 21373 40398 57447 63146 3275 49684]|[31798 57666 9324 3040 25085 32669 35776 1293 22527 51486 9114 42805 56991 4880 8734 31787 55523 23998]|[42527 28081 54082 29573 43612 20613 30971 1071 1737 43308 4929 5004 22269 28059 64545 61662 54199 50471]|[28754 26118 46686 17869 48894 43163 55807 30503 37744 45044 31343 17549 41666 44022 59986 36977 36406 9875]|[17422 45691 25773 48333 55103 46982 1180 61158 27959 9595 56748 16772 38218 28306 13934 50413 5823 26863]|[11711 56250 24899 17473 13604 6147 29042 58749 56960 63270 57648 54209 49803 52331 16854 47017 4671 33857]|[56700 34454 40924 478 27110 36218 37365 44875 64376 11924 27124 16524 32776 8249 60773 5376 35830 18815]|[31031 49145 23810 17228 31389 13055 28744 27351 18486 19453 47639 42558 30765 62006 17627 35584 891 42354]|[29239 43493 12564 29099 45336 57864 25141 9453 18877 10977 38730 34989 45468 54385 45020 15405 36714 46224]|[38148 59026 31452 54498 12755 63767 46267 48878 1064 38007 57159 57162 52017 11005 40900 1274 4879 60418]|[50915 57738 64901 44000 29405 42759 30999 37720 8245 17387 43870 7870 31097 45869 8558 63686 42055 14166]|[32218 61022 36358 12204 18974 42437 7367 18905 21987 12786 8902 54635 40256 47169 15792 55986 63265 43908]
[24134 48942 34077 33231 15258 40630 31342 28741 8449 10803 48376 2508 42784 29385 17894 41567 35859 11347]|[55530 31176 26184 20818 16537 19011 16350 64913 62188 41281 28111 41424 48313 11977 30974 62844 55316 32744]|[18877 30390 53672 48073 14541 9962 39466 64360 5582 7259 4551 60934 61660 28313 42807 64830 56765 64159]|[59387 64252 5125 36434 27885 57108 12339 56237 37259 8023 15555 56585 33353 4075 18858 50757 57325 8046]|[56839 16666 2779 52848 60383 51841 43228 28573 31949 62962 4204 50581 10941 35690 53898 38971 29195 60083]|[61614 252 61210 14529 56869 6895 21360 20702 46283 57279 44 21857 16234 3249 42909 12413 58218 34307]|[19488 16046 43827 64689 41927 13329 5039 36841 36741 11051 64067 3921 31963 53741 33382 15149 51948 50094]|[38206 11104 41660 4621 32395 46705 60066 3555 28610 2299 48374 37243 13873 25905 20472 51268 48002 36219]|[59442 25243 35803 20069 17477 1525 20305 37982 854 9812 27409 44089 30637 42667 57931 4142 28298 1523]|[27260 30739 57707 40345 58370 53299 9349 35111 6971 60250 58933 56792 49825 20353 33288 44612 18958 55780]|[61023 62938 2852 57678 8017 21489 35257 28818 19338 37854 27522 59670 48876 35011 56214 9668 44062 44007]|[35854 27599 28740 7373 41949 28684 17050 20132 28082 52272 34220 13571 9995 16090 57754 61973 55367 35136]|[22270 7792 17310 45645 50403 46056 33586 41005 18973 53300 46911 11714 6368 61934 59044 40975 42829 49939]|[65497 38323 47255 44185 7994 20316 57035 10603 9084 4507 64062 19038 47842 55083 62266 29382 12131 5906]|[11660 31759 36633 9958 50945 37863 25390 2972 51745 40278 24564 34862 41472 26473 21341 15048 9969 62030]|[59123 10723 57572 42265 63737 16931 50128 59739 43917 22944 47964 52538 10184 40141 51304 24231 32746 44530]|[20256 47178 15208 19629 22084 36278 20770 15434 5812 41562 10540 249 14624 22721 30978 12328 1096 49193]|[40686 15770 44838 41365 53771 22545 22661 64388 59309 37105 50911 61596 59814 38371 4698 27025 60115 20329]|[50642 30332 39857 20129 38314 30115 64091 59683 7416 34789 5271 19572 41854 1906 34271 208 16811 10172]|[3501 46574 8112 35335 34468 16845 64903 58769 7402 34059 53067 32445 10554 15221 6141 51709 36922 53103]|[53891 2715 15801 24911 25960 63280 41581 54021 1111 46794 62021 58474 5970 61794 62775 56494 25185 50527]|[22300 60753 17152 23500 30291 55122 42755 62227 6462 21240 16548 53112 4536 60984 32021 30367 20461 10098]|[30581 42215 29592 6880 12428 60497 29882 59046 25896 1845 3636 64621 14177 46546 52800 15453 15049 18453]|[35719 59983 51541 27323 6203 15094 49738 8131 4380 34508 20846 53103 37214 26344 52716 11269 12103 58781]|[26706 45942 6187 21101 4685 54933 56607 6201 55364 45316 24286 15046 29899 8405 47105 50683 19787 19355]|[22818 57061 29020 12784 6873 28994 19337 62236 47984 26853 45114 13023 40078 59319 64576 61080 818 40912]|[4012 62180 53057 3305 55979 64140 18195 33306 55081 48650 22510 38722 38444 38350 47970 60660 61283 37665]|[64643 32445 58848 59905 33777 28061 41721 21783 52958 41131 41529 20131 46855 6436 30581 4529 24192 1266]|[50571 4082 877 6340 11433 31715 56440 18250 8887 49274 54253 9335 53380 35460 16968 42840 57596 28201]
[52268 4463 61756 50235 5770 54276 36751 49474 22785 24673 29229 53107 36219 31 63313 55327 60182 12505]|[31661 55659 40213 2011 37517 49471 17544 33057 17167 64149 19220 54117 35017 57846 59785 18377 41283 18084]|[48488 25752 26643 6784 30971 58610 32034 34862 27251 38529 9192 1865 57451 26337 30063 17213 65309 4001]|[58409 23760 42490 7801 30997 27563 36992 7165 54582 45004 8474 15691 29426 6123 18212 61293 33092 45735]|[32163 39568 48859 19011 22802 21658 46583 35579 10035 12743 35863 14234 39838 23209 28443 26946 5171 57545]|[7302 24530 48629 55998 45361 22767 63306 10716 21790 12732 26963 65513 61438 16248 59003 44242 24502 39100]|[60071 44398 47913 33596 8304 19191 42760 5193 24376 13925 57631 15587 31053 23837 29821 44472 30753 43593]|[65004 5729 786 47639 28068 34140 3914 36505 34148 36021 20133 9283 44179 6065 51933 15178 3329 22551]|[58320 14299 7385 14443 40260 30495 46453 63577 64522 20955 35148 9028 27895 24015 44768 2697 7320 50318]|[10147 11993 1438 61195 18428 53200 305 47265 54983 19446 5416 42884 52602 16603 50982 11941 39241 5281]|[28997 56211 25620 56924 10827 24071 58206 40754 22581 18696 65353 51579 16288 2044 58687 56877 44214 23253]|[41663 35923 54748 53581 60569 58480 62027 1376 58999 60287 38649 5969 28902 12549 24245 47930 46027 62670]|[27595 28138 15211 31099 47480 45793 29363 5944 52217 9301 45183 8326 45390 15773 19590 13685 6985 51394]|[50604 9887 31573 35159 9337 42430 9484 20732 20433 55875 1254 3902 32435 14638 12447 30571 54234 45023]|[47503 15230 23258 12074 34794 24370 21856 22230 43572 2824 35838 19093 22360 62907 22552 6787 40284 48917]|[38556 18561 21262 27946 53048 46866 3544 30381 17452 27431 27083 49915 21416 58802 35467 26558 49262 19577]|[23312 27920 43261 13539 2570 53410 58987 33816 8043 27488 56172 1098 13256 28397 43069 64612 57899 34799]|[27049 25524 18928 63970 3628 2294 37632 31528 2613 59159 33739 10355 18552 25283 23848 42576 35370 25838]|[62672 64168 13897 61024 33207 62227 44321 28969 41245 63320 1853 41970 60773 15669 53603 32256 37934 33519]|[6703 59140 27297 62921 33745 14852 30525 43074 46642 54471 47718 42580 22845 13442 48989 24991 45038 41647]|[51103 3611 56436 13031 3350 36188 16901 31420 37601 3155 25730 63426 48947 19051 24172 20194 44954 17920]|[17162 48511 14197 21089 48884 51318 40345 39699 24316 42498 16480 1238 29146 306 45194 1689 28080 39526]|[24740 27535 56500 36545 31375 31243 7903 20027 27043 4708 29402 29599 8688 26063 52680 57595 42633 40480]|[55637 56510 55127 7052 42927 18533 23882 54833 44746 1505 36877 947 8840 27233 19777 6470 27781 55037]|[23928 13733 62867 21928 21892 41215 29856 6746 53206 54713 43954 6358 39565 38597 27972 28480 50569 58142]|[54846 49642 26027 32679 6743 53634 36514 1477 63013 65534 24527 48634 63163 16554 30993 34873 52836 15010]|[6096 11633 15062 23069 38989 57841 9606 8408 21554 60049 62913 11410 23473 60218 25127 21761 11772 17177]|[56370 39802 65126 49291 62351 56839 47181 4983 30686 50919 53457 7203 12470 29133 44938 60851 61652 41901]|[35128 28372 56823 35018 26238 56618 20809 6184 18458 26575 6786 11690 10813 6619 61827 25771 47015 3571]
[62135 37583 57390 40388 49316 37974 6109 60629 22111 10587 64306 8019 35730 63683 2733 24061 17989 59878]|[63071 63418 63977 52021 64711 64691 20644 24173 1143 22211 47124 7631 38858 2868 46880 65116 15325 19362]|[42302 3204 35177 50898 54378 44244 62953 60820 34834 33986 12509 42740 43728 31504 33208 44719 54112 46280]|[56529 49684 45043 10174 60966 19583 24389 21236 54040 25125 32707 2982 61899 21561 50255 59325 19648 62359]|[61890 32520 44648 42592 15018 38660 51079 1737 56415 25577 21366 27332 52706 17822 56678 62230 31054 44813]|[57993 38359 3182 53015 47904 3784 24441 51254 17092 1916 1671 35238 4718 51248 13627 6466 18680 20650]|[1467 41187 51488 28268 21840 10411 62554 916 33095 14359 7549 5819 10693 53539 3792 47498 44691 23558]|[37442 17840 4074 27191 7898 15933 63334 8831 1271 3121 22925 48456 14851 1594 23617 9781 50339 19100]|[6555 22219 50249 22002 59140 39573 20803 57612 40257 13373 7224 30513 57349 7129 14910 16977 12952 64377]|[41441 61980 60582 49875 52146 25525 8164 10729 35640 17503 12360 30477 34161 53435 55559 8391 9737 27727]|[23111 47827 58279 5313 39906 19967 10216 7835 48029 39975 25163 10017 63275 45469 21073 46299 53620 31238]|[120 41460 11028 37322 64319 56063 9364 37842 48163 64126 34066 41738 55320 3337 40171 22099 2135 402]|[22217 37872 29503 54662 64502 48753 35829 3521 39807 61503 12442 43294 40341 6597 59355 51764 55988 48983]|[56755 31740 26217 7798 30223 33918 32909 13325 38237 49816 30998 46681 44777 22977 5184 16943 49857 40997]|[59259 63153 61969 53991 50045 60930 8902 61031 53762 589 7346 12032 60860 56548 61472 53866 62583 20277]|[55225 36480 62563 64283 62435 40190 48194 36962 53297 50365 46227 61669 17912 16868 37233 24594 60635 13409]|[26534 6673 16263 15071 65095 8001 6596 4513 52816 7453 53386 42796 13746 52372 44870 45814 61242 27167]|[65343 45960 64175 45974 54010 34954 61569 63082 31584 42684 11586 5769 35756 18288 14694 4619 48521 7424]|[56703 65453 56726 16433 9401 33673 2144 64736 43732 10899 12757 19021 30560 27947 61767 27720 13821 37330]|[25020 7620 10847 4514 56154 58407 7624 30692 57470 10537 47679 55395 22836 34649 18350 62542 54661 39886]|[17497 30301 57008 14947 51485 1293 24923 42457 36454 11395 58471 53140 7484 33372 39824 57644 61912 52225]|[50145 15613 64484 16185 43168 55154 51358 16717 63378 22407 42114 32025 13352 18197 56248 28113 52509 29214]|[14229 32280 49982 7177 51760 2736 58053 42050 949 11707 31822 53332 41679 52885 24714 52313 45285 1017]|[40099 17841 51716 9028 39100 37784 43772 39474 64739 3568 49991 33529 14004 10827 26587 55848 821 15841]|[12087 65007 20448 2109 8564 14102 9992 40021 57936 57258 44469 15770 5620 41250 43255 60943 26763 51395]|[10484 14040 9219 7895 11919 16680 49512 45532 58823 3143 15583 15940 4232 12941 54927 2385 18941 7362]|[7315 18193 26281 28625 53831 31244 21996 22322 28392 34687 14698 1944 25483 63453 12459 49380 12407 29122]|[20798 50675 57591 22212 48657 63337 19577 54820 59373 47414 2918 12420 14541 16173 49210 5773 32229 59708]|[42053 36465 29969 24871 60332 27782 1595 26740 58755 33254 22719 29710 2668 53598 57782 23182 49076 1295]
[6703 59140 27297 62921 33745 14852 30525 43074 46642 54471 47718 42580 22845 13442 48989 24991 45038 41647]|[51103 3611 56436 13031 3350 36188 16901 31420 37601 3155 25730 63426 48947 19051 24172 20194 44954 17920]|[17162 48511 14197 21089 48884 51318 40345 39699 24316 42498 16480 1238 29146 306 45194 1689 28080 39526]|[24740 27535 56500 36545 31375 31243 7903 20027 27043 4708 29402 29599 8688 26063 52680 57595 42633 40480]|[55637 56510 55127 7052 42927 18533 23882 54833 44746 1505 36877 947 8840 27233 19777 6470 27781 55037]|[23928 13733 62867 21928 21892 41215 29856 6746 53206 54713 43954 6358 39565 38597 27972 28480 50569 58142]|[54846 49642 26027 32679 6743 53634 36514 1477 63013 65534 24527 48634 63163 16554 30993 34873 52836 15010]|[6096 11633 15062 23069 38989 57841 9606 8408 21554 60049 62913 11410 23473 60218 25127 21761 11772 17177]|[56370 39802 65126 49291 62351 56839 47181 4983 30686 50919 53457 7203 12470 29133 44938 60851 61652 41901]|[35128 28372 56823 35018 26238 56618 20809 6184 18458 26575 6786 11690 10813 6619 61827 25771 47015 3571]|[52268 4463 61756 50235 5770 54276 36751 49474 22785 24673 29229 53107 36219 31 63313 55327 60182 12505]|[31661 55659 40213 2011 37517 49471 17544 33057 17167 64149 19220 54117 35017 57846 59785 18377 41283 18084]|[48488 25752 26643 6784 30971 58610 32034 34862 27251 38529 9192 1865 57451 26337 30063 17213 65309 4001]|[58409 23760 42490 7801 30997 27563 36992 7165 54582 45004 8474 15691 29426 6123 18212 61293 33092 45735]|[32163 39568 48859 19011 22802 21658 46583 35579 10035 12743 35863 14234 39838 23209 28443 26946 5171 57545]|[7302 24530 48629 55998 45361 22767 63306 10716 21790 12732 26963 65513 61438 16248 59003 44242 24502 39100]|[60071 44398 47913 33596 8304 19191 42760 5193 24376 13925 57631 15587 31053 23837 29821 44472 30753 43593]|[65004 5729 786 47639 28068 34140 3914 36505 34148 36021 20133 9283 44179 6065 51933 15178 3329 22551]|[58320 14299 7385 14443 40260 30495 46453 63577 64522 20955 35148 9028 27895 24015 44768 2697 7320 50318]|[10147 11993 1438 61195 18428 53200 305 47265 54983 19446 5416 42884 52602 16603 50982 11941 39241 5281]|[28997 56211 25620 56924 10827 24071 58206 40754 22581 18696 65353 51579 16288 2044 58687 56877 44214 23253]|[41663 35923 54748 53581 60569 58480 62027 1376 58999 60287 38649 5969 28902 12549 24245 47930 46027 62670]|[27595 28138 15211 31099 47480 45793 29363 5944 52217 9301 45183 8326 45390 15773 19590 13685 6985 51394]|[50604 9887 31573 35159 9337 42430 9484 20732 20433 55875 1254 3902 32435 14638 12447 30571 54234 45023]|[47503 15230 23258 12074 34794 24370 21856 22230 43572 2824 35838 19093 22360 62907 22552 6787 40284 48917]|[38556 18561 21262 27946 53048 46866 3544 30381 17452 27431 27083 49915 21416 58802 35467 26558 49262 19577]|[23312 27920 43261 13539 2570 53410 58987 33816 8043 27488 56172 1098 13256 28397 43069 64612 57899 34799]|[27049 25524 18928 63970 3628 2294 37632 31528 2613 59159 33739 10355 18552 25283 23848 42576 35370 25838]|[62672 64168 13897 61024 33207 62227 44321 28969 41245 63320 1853 41970 60773 15669 53603 32256 37934 33519]
[19368 6283 14091 36950 27894 65148 17765 10897 56565 59795 15775 63499 16380 31854 28685 44575 58057 6590]|[534 6828 2005 30160 3943 31778 49622 10089 17947 6357 23310 21704 4425 25320 52940 6235 32465 36035]|[56782 15460 12608 38609 61929 6415 43760 11431 33641 7892 56219 63195 49497 20121 55946 2287 11734 1612]|[17739 62435 14700 65188 12993 35536 37186 52331 5490 4095 15367 24096 12494 44974 54936 2004 42298 27259]|[16316 58887 10452 4884 36917 40175 63430 57033 15495 34246 63305 30724 63845 18229 23734 34784 52684 10626]|[62042 3463 29596 62498 13421 27120 33170 31593 20109 42496 39169 13186 5624 34122 17702 44686 33739 49488]|[19365 7239 11519 12036 45105 50471 37923 14099 2140 58742 51682 64802 2163 19086 27720 1505 61311 23286]|[1319 49289 1796 16963 36739 50719 49693 42023 63250 12299 26894 19523 53302 58544 49684 33350 21616 45304]|[24513 9666 4243 64341 52653 51102 42869 23347 62302 49260 5893 35917 25475 10940 13039 20381 1257 8879]|[6976 22825 34609 10326 49602 45884 54964 62351 14724 51711 34994 21475 9039 59601 23099 29024 40961 36748]|[57428 56584 44574 64442 37531 26770 31881 6745 8392 22622 2865 23605 25109 33296 59331 47331 4679 60517]|[34413 8079 5318 55331 24127 2294 14809 55988 4519 15287 8914 56965 39355 7865 4374 37486 53045 14844]|[23534 28408 2256 54963 61400 35121 13034 55031 13552 23396 42193 24100 17190 49254 54688 50173 14832 30315]|[61494 48680 17306 15834 54595 57742 39963 35080 8111 25480 61536 64451 31168 32679 17102 3681 64873 38155]|[15143 17273 18334 7752 12771 47491 37797 65116 51960 19920 15910 50803 6133 13421 34103 28675 46182 38424]|[30150 54068 56236 28313 38045 19426 4929 44890 39289 56000 22657 18542 27970 7596 31848 62304 11176 50829]|[50634 5717 40205 18307 60097 62795 63237 10439 42269 44426 34184 3854 5708 62560 65167 45500 25852 39364]|[61072 30396 7642 61249 6301 21104 2449 29537 10234 52026 59203 10132 2326 44500 40284 5900 60296 10157]|[49860 59216 9730 32732 17664 14581 56989 53253 60133 53484 50372 38973 10576 39859 28519 31512 29205 41617]|[64178 19510 58143 15778 39297 31399 10750 24087 55664 18005 20156 39403 30368 64585 24321 22237 33790 48243]|[36543 45588 32671 46167 58796 11536 6211 32085 61152 49885 14748 49454 63039 14550 35827 4350 34475 43570]|[35553 45262 46729 3270 25426 6159 37109 33588 25921 28580 61719 17151 42739 4121 50590 41773 46485 59075]|[28265 34051 20353 8258 62236 51839 21753 40295 3925 52234 45150 8990 57067 11285 9846 25792 24902 53942]|[48651 57212 16938 54021 46837 56869 36719 54693 235 3640 26682 29709 27486 54499 4073 7415 4005 30505]|[8244 3231 15024 46220 10254 11134 44477 4524 28187 14589 6133 32706 30133 28112 44906 50093 17145 61133]|[32102 33965 41101 38810 2388 28229 8510 31021 45850 37547 18969 51270 34817 13907 45553 42308 12866 12345]|[16163 24031 59024 30156 60520 51598 65049 54463 31230 51283 25866 38225 34784 56693 21513 14823 7938 21618]|[36666 45106 56315 4015 38915 37871 6297 33891 50302 64104 16078 55781 530 50986 5529 60734 48039 54393]|[53071 36422 65051 38656 49333 17554 41081 59000 53106 25377 53811 65099 29746 21330 51273 20762 21695 23200]
[28955 6390 9483 543 43971 46092 7973 2804 51634 18019 46240 26958 29764 38734 1136 59172 62264 26319]|[19178 63525 50869 58257 42570 17066 34621 23760 31960 14178 61025 55907 15769 8765 61135 26681 53795 20779]|[48816 31977 29006 52956 57578 16922 52193 10719 64437 15424 10725 16564 29542 17882 24075 35966 61083 44079]|[4165 48206 16459 2254 20833 54857 40200 62943 6061 25198 24538 45909 27480 32996 62031 48645 4649 50667]|[30880 5069 1088 13662 56143 30912 5086 49396 19513 25328 23505 30444 28107 23962 6280 44999 30367 51756]|[60527 36101 15741 18399 168 16094 40064 44893 18988 56947 54590 37129 61728 23923 65320 14490 1075 2340]|[57989 11998 2585 12319 21512 42715 47899 56956 25576 47114 51014 28882 60682 45003 49957 887 28755 49962]|[52305 6589 26569 45060 32189 49640 30173 31934 15249 3493 23890 63293 4761 35080 23347 41836 55422 57578]|[56039 53158 35030 20858 6558 5934 55317 12204 31080 15534 5829 43636 5774 20697 55012 62503 1073 22427]|[16439 2923 16937 26803 43922 43553 51606 37832 18426 8634 54499 56046 51905 56068 62850 61966 44695 11806]|[44286 41337 47211 4618 33253 6662 40260 39218 27773 64353 759 59462 65330 31635 3540 61824 37460 20082]|[57429 61865 62296 42839 32417 36291 8024 12463 39453 13218 23250 49820 39435 21337 27467 1075 35286 21675]|[19299 5787 26769 48967 10023 2703 3328 48307 51711 12141 46749 27682 52666 32836 4840 25665 23617 15055]|[26578 38025 63105 44759 48586 64851 16337 29347 56207 56472 20639 40071 45675 49763 35474 40479 41610 34350]|[10608 33638 49989 54301 28249 42685 2829 56215 53362 32429 63608 58189 39278 53618 64406 32715 51794 63311]|[19761 58209 51397 16855 21662 62804 45895 873 44437 16616 29108 24877 21373 40398 57447 63146 3275 49684]|[31798 57666 9324 3040 25085 32669 35776 1293 22527 51486 9114 42805 56991 4880 8734 31787 55523 23998]|[42527 28081 54082 29573 43612 20613 30971 1071 1737 43308 4929 5004 22269 28059 64545 61662 54199 50471]|[28754 26118 46686 17869 48894 43163 55807 30503 37744 45044 31343 17549 41666 44022 59986 36977 36406 9875]|[17422 45691 25773 48333 55103 46982 1180 61158 27959 9595 56748 16772 38218 28306 13934 50413 5823 26863]|[11711 56250 24899 17473 13604 6147 29042 58749 56960 63270 57648 54209 49803 52331 16854 47017 4671 33857]|[56700 34454 40924 478 27110 36218 37365 44875 64376 11924 27124 16524 32776 8249 60773 5376 35830 18815]|[31031 49145 23810 17228 31389 13055 28744 27351 18486 19453 47639 42558 30765 62006 17627 35584 891 42354]|[29239 43493 12564 29099 45336 57864 25141 9453 18877 10977 38730 34989 45468 54385 45020 15405 36714 46224]|[38148 59026 31452 54498 12755 63767 46267 48878 1064 38007 57159 57162 52017 11005 40900 1274 4879 60418]|[50915 57738 64901 44000 29405 42759 30999 37720 8245 17387 43870 7870 31097 45869 8558 63686 42055 14166]|[32218 61022 36358 12204 18974 42437 7367 18905 21987 12786 8902 54635 40256 47169 15792 55986 63265 43908]|[37655 14018 2720 6282 29851 38326 44299 22451 5904 39788 13016 46923 13238 21354 25145 36657 60310 24790]|[6162 3481 65224 29194 9648 42715 13251 58136 34129 7648 11903 27287 62668 22760 64474 47382 43313 37964]
[53891 2715 15801 24911 25960 63280 41581 54021 1111 46794 62021 58474 5970 61794 62775 56494 25185 50527]|[22300 60753 17152 23500 30291 55122 42755 62227 6462 21240 16548 53112 4536 60984 32021 30367 20461 10098]|[30581 42215 29592 6880 12428 60497 29882 59046 25896 1845 3636 64621 14177 46546 52800 15453 15049 18453]|[35719 59983 51541 27323 6203 15094 49738 8131 4380 34508 20846 53103 37214 26344 52716 11269 12103 58781]|[26706 45942 6187 21101 4685 54933 56607 6201 55364 45316 24286 15046 29899 8405 47105 50683 19787 19355]|[22818 57061 29020 12784 6873 28994 19337 62236 47984 26853 45114 13023 40078 59319 64576 61080 818 40912]|[4012 62180 53057 3305 55979 64140 18195 33306 55081 48650 22510 38722 38444 38350 47970 60660 61283 37665]|[64643 32445 58848 59905 33777 28061 41721 21783 52958 41131 41529 20131 46855 6436 30581 4529 24192 1266]|[50571 4082 877 6340 11433 31715 56440 18250 8887 49274 54253 9335 53380 35460 16968 42840 57596 28201]|[24134 48942 34077 33231 15258 40630 31342 28741 8449 10803 48376 2508 42784 29385 17894 41567 35859 11347]|[55530 31176 26184 20818 16537 19011 16350 64913 62188 41281 28111 41424 48313 11977 30974 62844 55316 32744]|[18877 30390 53672 48073 14541 9962 39466 64360 5582 7259 4551 60934 61660 28313 42807 64830 56765 64159]|[59387 64252 5125 36434 27885 57108 12339 56237 37259 8023 15555 56585 33353 4075 18858 50757 57325 8046]|[56839 16666 2779 52848 60383 51841 43228 28573 31949 62962 4204 50581 10941 35690 53898 38971 29195 60083]|[61614 252 61210 14529 56869 6895 21360 20702 46283 57279 44 21857 16234 3249 42909 12413 58218 34307]|[19488 16046 43827 64689 41927 13329 5039 36841 36741 11051 64067 3921 31963 53741 33382 15149 51948 50094]|[38206 11104 41660 4621 32395 46705 60066 3555 28610 2299 48374 37243 13873 25905 20472 51268 48002 36219]|[59442 25243 35803 20069 17477 1525 20305 37982 854 9812 27409 44089 30637 42667 57931 4142 28298 1523]|[27260 30739 57707 40345 58370 53299 9349 35111 6971 60250 58933 56792 49825 20353 33288 44612 18958 55780]|[61023 62938 2852 57678 8017 21489 35257 28818 19338 37854 27522 59670 48876 35011 56214 9668 44062 44007]|[35854 27599 28740 7373 41949 28684 17050 20132 28082 52272 34220 13571 9995 16090 57754 61973 55367 35136]|[22270 7792 17310 45645 50403 46056 33586 41005 18973 53300 46911 11714 6368 61934 59044 40975 42829 49939]|[65497 38323 47255 44185 7994 20316 57035 10603 9084 4507 64062 19038 47842 55083 62266 29382 12131 5906]|[11660 31759 36633 9958 50945 37863 25390 2972 51745 40278 24564 34862 41472 26473 21341 15048 9969 62030]|[59123 10723 57572 42265 63737 16931 50128 59739 43917 22944 47964 52538 10184 40141 51304 24231 32746 44530]|[20256 47178 15208 19629 22084 36278 20770 15434 5812 41562 10540 249 14624 22721 30978 12328 1096 49193]|[40686 15770 44838 41365 53771 22545 22661 64388 59309 37105 50911 61596 59814 38371 4698 27025 60115 20329]|[50642 30332 39857 20129 38314 30115 64091 59683 7416 34789 5271 19572 41854 1906 34271 208 16811 10172]|[3501 46574 8112 35335 34468 16845 64903 58769 7402 34059 53067 32445 10554 15221 6141 51709 36922 53103]
[1775 33333 50799 31620 62488 17490 32263 27773 11233 45433 54341 56700 8352 17759 47135 48821 46842 13687]|[1906 24513 4435 25963 47883 44512 6466 12234 27071 45190 2906 4387 32868 32863 36078 54381 21092 6045]|[41242 24722 62746 64999 42039 31140 59885 26990 51117 503 15615 43261 1538 1425 59053 45538 51464 41493]|[49463 15078 11450 39302 56414 17159 18543 14885 2478 35606 35722 59907 7837 56361 10395 2447 18533 30617]|[19087 51034 12533 42133 58275 64483 64612 32466 29777 20825 20237 55240 61316 19250 50282 34914 23818 7530]|[15690 7054 63420 63529 23641 54318 25350 25125 37751 50816 16502 2833 61436 16847 63194 27769 27432 24618]|[52971 56800 55370 29713 5417 47885 23860 6415 3912 17651 38849 2047 63661 63673 61952 33823 54819 42232]|[20048 36781 43216 25701 41587 38449 62440 28923 2280 61046 12223 56753 11577 18184 35859 4968 28260 25176]|[47449 54916 38930 62534 8773 62926 5562 27124 23882 13317 22848 61804 7785 38599 57979 45523 49301 58881]|[14997 13733 6263 39862 14526 32187 45634 49886 56918 49440 46351 50379 40974 51652 25248 20729 34830 64911]|[28675 8602 37986 11897 23578 40692 43153 63504 34582 33053 20586 7996 5109 59110 5647 16176 31399 32649]|[16729 32756 16079 27783 15215 6657 55914 58393 52660 1472 51139 46929 19298 34742 13646 12972 18775 59955]|[16626 32893 49672 34884 35915 3677 15537 34390 6864 61854 61230 30742 35128 33533 46741 28102 33020 10923]|[17665 9057 16062 54509 40394 56011 3739 46498 61984 42445 17336 38968 5599 21691 28384 45996 18809 39901]|[36435 18574 38623 58112 31869 46027 63706 29000 52195 60060 49759 45722 57321 63333 28249 49744 1396 8994]|[338 12468 28097 10435 27656 28564 10269 48390 50010 53778 33517 61978 19345 57968 56223 50707 29382 25250]|[13861 63889 8570 1166 46036 5431 36208 22839 25293 10537 1984 44510 3645 51943 59057 50650 21330 29948]|[25002 53544 37120 45917 61626 395 55015 21890 30659 29373 31053 24832 23872 20121 48612 24739 54795 34844]|[52157 62034 57664 51088 52651 30077 20035 21516 52184 51405 57296 10378 59396 30839 25836 2928 19087 43449]|[22855 59763 28368 16470 31696 23735 57534 25314 12569 4250 3606 60898 16312 44729 27413 19347 50220 38264]|[54910 31553 18248 23178 41652 41002 57203 30994 40126 47685 11225 32558 19715 59354 22687 46955 27572 39092]|[1552 52115 55920 59389 45367 15851 27526 53123 46451 33890 50215 24154 64115 1090 47656 21614 43217 1917]|[26031 8816 18621 46471 35606 52370 20517 52982 10003 7593 1009 22468 28230 42520 21880 43300 4 42201]|[8504 33440 59256 12972 42481 46459 48035 63959 32719 48037 42852 57505 16128 8108 44204 6390 13616 61626]|[608 25656 22565 63428 54086 44579 3696 34226 19701 54618 35897 2468 28468 65248 15148 39326 40588 2182]|[53153 38034 29873 24573 21846 59439 52412 63897 62137 31567 56821 65502 14068 49232 62932 33786 50724 15623]|[48832 19973 43786 21870 61727 5826 37466 20810 19212 52328 27935 41841 36822 24663 6104 17140 40203 62891]|[53494 57563 2716 53173 52970 11372 64074 64036 57651 29814 44062 49494 28279 59264 19147 16672 14048 60504]|[18064 11548 62949 63305 57480 14403 65215 5298 7493 31709 15492 29212 64633 14141 44235 23531 18905 61928]
[16626 32893 49672 34884 35915 3677 15537 34390 6864 61854 61230 30742 35128 33533 46741 28102 33020 10923]|[17665 9057 16062 54509 40394 56011 3739 46498 61984 42445 17336 38968 5599 21691 28384 45996 18809 39901]|[36435 18574 38623 58112 31869 46027 63706 29000 52195 60060 49759 45722 57321 63333 28249 49744 1396 8994]|[338 12468 28097 10435 27656 28564 10269 48390 50010 53778 33517 61978 19345 57968 56223 50707 29382 25250]|[13861 63889 8570 1166 46036 5431 36208 22839 25293 10537 1984 44510 3645 51943 59057 50650 21330 29948]|[25002 53544 37120 45917 61626 395 55015 21890 30659 29373 31053 24832 23872 20121 48612 24739 54795 34844]|[52157 62034 57664 51088 52651 30077 20035 21516 52184 51405 57296 10378 59396 30839 25836 2928 19087 43449]|[22855 59763 28368 16470 31696 23735 57534 25314 12569 4250 3606 60898 16312 44729 27413 19347 50220 38264]|[54910 31553 18248 23178 41652 41002 57203 30994 40126 47685 11225 32558 19715 59354 22687 46955 27572 39092]|[1552 52115 55920 59389 45367 15851 27526 53123 46451 33890 50215 24154 64115 1090 47656 21614 43217 1917]|[26031 8816 18621 46471 35606 52370 20517 52982 10003 7593 1009 22468 28230 42520 21880 43300 4 42201]|[8504 33440 59256 12972 42481 46459 48035 63959 32719 48037 42852 57505 16128 8108 44204 6390 13616 61626]|[608 25656 22565 63428 54086 44579 3696 34226 19701 54618 35897 2468 28468 65248 15148 39326 40588 2182]|[53153 38034 29873 24573 21846 59439 52412 63897 62137 31567 56821 65502 14068 49232 62932 33786 50724 15623]|[48832 19973 43786 21870 61727 5826 37466 20810 19212 52328 27935 41841 36822 24663 6104 17140 40203 62891]|[53494 57563 2716 53173 52970 11372 64074 64036 57651 29814 44062 49494 28279 59264 19147 16672 14048 60504]|[18064 11548 62949 63305 57480 14403 65215 5298 7493 31709 15492 29212 64633 14141 44235 23531 18905 61928]|[1775 33333 50799 31620 62488 17490 32263 27773 11233 45433 54341 56700 8352 17759 47135 48821 46842 13687]|[1906 24513 4435 25963 47883 44512 6466 12234 27071 45190 2906 4387 32868 32863 36078 54381 21092 6045]|[41242 24722 62746 64999 42039 31140 59885 26990 51117 503 15615 43261 1538 1425 59053 45538 51464 41493]|[49463 15078 11450 39302 56414 17159 18543 14885 2478 35606 35722 59907 7837 56361 10395 2447 18533 30617]|[19087 51034 12533 42133 58275 64483 64612 32466 29777 20825 20237 55240 61316 19250 50282 34914 23818 7530]|[15690 7054 63420 63529 23641 54318 25350 25125 37751 50816 16502 2833 61436 16847 63194 27769 27432 24618]|[52971 56800 55370 29713 5417 47885 23860 6415 3912 17651 38849 2047 63661 63673 61952 33823 54819 42232]|[20048 36781 43216 25701 41587 38449 62440 28923 2280 61046 12223 56753 11577 18184 35859 4968 28260 25176]|[47449 54916 38930 62534 8773 62926 5562 27124 23882 13317 22848 61804 7785 38599 57979 45523 49301 58881]|[14997 13733 6263 39862 14526 32187 45634 49886 56918 49440 46351 50379 40974 51652 25248 20729 34830 64911]|[28675 8602 37986 11897 23578 40692 43153 63504 34582 33053 20586 7996 5109 59110 5647 16176 31399 32649]|[16729 32756 16079 27783 15215 6657 55914 58393 52660 1472 51139 46929 19298 34742 13646 12972 18775 59955]
[60624 33979 59134 39146 47247 34517 6213 62797 38797 5586 35404 721 43218 14954 21644 44228 113 37836]|[25678 56886 39249 31026 17867 3754 21390 23884 22804 59414 33115 28845 45932 32773 29122 33433 38323 11133]|[16249 37248 2844 16198 58634 55758 7678 35440 53149 7669 37219 43932 48851 25515 46436 15426 22906 9273]|[29075 61961 54329 26260 47671 23099 35005 43727 54051 8598 25263 27463 313 56714 2024 1462 44571 15446]|[52576 3714 46590 31500 62958 12233 19134 31734 2330 53900 3892 9602 50201 5703 44646 39162 21359 33953]|[7766 14307 30479 54016 47563 30353 22746 14010 4079 39475 32501 44543 37596 60953 41662 23170 42249 2003]|[57791 58487 2332 21964 26579 39247 37512 23742 19043 33443 15298 23080 6641 51297 29266 48367 28984 8397]|[30434 21422 60854 2740 36036 47771 2377 46639 16918 44759 59641 48973 4078 30769 22389 62674 51214 25439]|[991 54245 923 16547 39773 7262 54514 7155 32117 37016 19732 40846 17832 1396 63569 17725 28855 21228]|[57549 22906 9662 35160 13105 3811 11221 28362 10379 21293 19493 61816 34033 12281 42675 47608 9500 30962]|[7170 3895 10425 31309 42909 26551 15771 24522 3657 60951 11241 49859 64349 18400 2101 45006 45335 11378]|[33574 41561 39797 45186 24041 16583 61267 9245 6076 52535 1982 41990 28879 36975 47555 22532 23787 47539]|[42903 12590 24461 58137 24119 12964 24539 27757 54719 48717 29556 60833 22058 6401 3427 36802 7612 37081]|[21208 63076 49218 26948 65226 20537 23517 465 31372 7564 43487 12861 54705 55779 22846 29348 55876 43890]|[60167 5866 1105 7942 60124 46016 50361 41344 13725 26671 33328 34275 16677 20358 45243 57413 42569 26582]|[29423 37395 1294 9353 52838 44203 14292 31643 55730 57141 2758 46458 16274 30618 25005 26659 5817 10607]|[24047 21758 2149 13563 12556 57750 40441 41944 19960 44023 16826 14142 2159 55612 45065 35324 60224 60151]|[7596 18571 50999 33299 51693 44877 43236 47490 16513 34041 13003 21606 32901 26430 18855 2507 50733 18950]|[26133 21306 64459 57757 24644 61475 47783 49948 59385 21172 30707 28551 24098 38024 49446 60735 34685 59430]|[27617 5839 5112 62052 20565 64821 29985 5253 11346 1850 58185 52596 53878 17811 60039 62668 5865 52069]|[34537 48620 10230 48240 12055 16920 27825 15494 4297 23461 41898 1450 50070 52253 54516 48710 2376 7418]|[5128 28834 199 38591 17077 39089 43205 24375 6634 25 63790 47132 54607 47941 59848 9570 59858 26614]|[11807 13712 5188 17451 50639 38906 26900 37181 6465 48254 64533 61797 22355 35803 37529 17966 35890 36754]|[1056 28294 6644 42817 42692 36088 28860 22047 29769 24254 27126 4530 18152 31436 20179 21203 34535 38723]|[31655 31687 10607 46314 43311 24347 19156 38930 676 63047 20311 22902 12786 47926 48107 31542 9166 41832]|[40902 58556 963 10596 5242 63389 40733 11021 10968 48165 5119 58836 43146 59643 11239 15479 36 16294]|[46704 18956 32714 55582 3179 57113 51211 59022 54453 34974 7527 50913 51995 43891 57911 30721 13400 28991]|[24992 48715 8126 12769 20347 64111 50312 4622 34235 38877 38365 32947 48091 57610 11308 31097 26443 18374]|[6537 62859 61348 62313 13889 51023 39604 65510 34629 20032 30484 13541 64776 41961 13522 23765 31051 51321]
[4219 22508 64087 56424 64749 31766 7132 6077 34804 24294 60216 43143 38909 654 27584 52724 22364 224]|[43398 50326 54337 39570 49873 51752 62472 3737 9087 23546 16834 45885 50922 17071 22950 37351 26891 52808]|[11239 47657 21783 10833 31351 61193 3261 35450 64448 3489 23333 56700 21988 50155 4876 48439 6500 6169]|[12871 28764 7740 49692 63497 46013 50201 61621 43516 29944 4620 58755 46032 23249 48102 5465 9040 29017]|[25921 46170 54686 10250 51800 41686 6375 13417 31160 9860 60554 30529 58965 50734 2463 2633 53077 50289]|[55366 13818 59485 33149 33257 38369 31205 7261 11548 51072 8043 15242 59779 54795 37351 18351 39021 29657]|[21149 17334 16476 39067 34991 47585 19290 44401 43636 42138 1922 45147 8110 57505 39200 9747 40848 39778]|[9644 44432 27463 41808 19991 62176 33176 8603 30435 20620 29492 59022 12296 39333 20222 47858 48715 21185]|[8529 27238 25174 15591 28920 30529 12516 5318 12773 36899 15553 28057 46992 51197 47472 55707 65293 6478]|[4554 20664 4842 13045 34006 39431 7122 6628 2374 54680 3965 25889 11348 38060 5791 53577 50004 39833]|[56169 28189 6010 29353 30726 30159 15763 49912 7764 53408 15250 48274 1344 57544 50349 7097 38443 519]|[51943 1854 48125 24201 31830 27896 2250 13008 51974 31213 39232 29482 12240 52511 9853 44743 3819 2764]|[45172 3352 6611 51938 37923 30687 61583 18334 49542 1374 18560 27067 23546 14580 37258 35044 24714 10088]|[22204 36914 25440 17285 9424 61878 39188 5806 6722 19239 60730 1717 24185 35558 33935 25354 22814 34860]|[5642 24940 28987 11811 26849 14475 11561 40151 11282 37704 1023 1423 11344 4538 40053 50865 32606 23076]|[12801 12190 27726 59405 31472 43546 36427 14203 14033 1193 20786 45429 48565 36729 344 31449 14665 59937]|[45363 35301 63754 21572 34824 29814 26525 64038 15864 3645 12932 14151 8859 50241 40461 34643 54291 25208]|[29563 22967 10381 44644 53669 59323 16515 11508 9610 50770 55902 65308 55742 16358 3597 34200 50558 38718]|[17692 48233 15518 2864 19433 24433 35010 2203 62671 33888 51969 20915 58312 34954 46994 45429 44854 59623]|[1285 63767 19997 8909 55860 19377 3955 41341 21417 18859 37613 58794 44407 45301 61867 1682 52149 48363]|[57121 26030 47973 16103 16363 6159 45352 42979 33708 12846 27046 21262 35718 41304 20834 58237 46795 25536]|[64996 19976 18462 50507 63574 56495 39904 62336 25437 61100 6983 1068 32963 22684 12090 61177 45829 2730]|[63081 45887 38641 25118 63943 27185 62713 16567 12688 45106 47025 61821 64090 1964 15373 45072 59610 3715]|[51034 42394 56070 61522 61046 40740 5292 58598 58808 63098 34453 30530 46991 37916 57024 23481 21805 49041]|[24453 28253 54161 47007 11813 41552 63577 58611 38100 49103 57485 42789 53262 17764 12302 46722 3110 47885]|[56621 35478 64296 27883 966 51054 59996 62026 44219 20985 39888 19254 5335 6853 3839 27703 2416 33641]|[37002 48319 36773 44122 12740 41989 44441 18200 48871 13434 6541 11491 18225 42856 56065 18664 52521 13537]|[24501 52747 3980 2713 16876 57398 8941 10822 50060 38536 58298 55656 47818 33169 30605 27760 16818 2220]|[55912 41575 10094 60320 31662 57574 27760 33709 378 19221 34067 36312 21861 54271 11481 3679 3134 33894]
[26534 6673 16263 15071 65095 8001 6596 4513 52816 7453 53386 42796 13746 52372 44870 45814 61242 27167]|[65343 45960 64175 45974 54010 34954 61569 63082 31584 42684 11586 5769 35756 18288 14694 4619 48521 7424]|[56703 65453 56726 16433 9401 33673 2144 64736 43732 10899 12757 19021 30560 27947 61767 27720 13821 37330]|[25020 7620 10847 4514 56154 58407 7624 30692 57470 10537 47679 55395 22836 34649 18350 62542 54661 39886]|[17497 30301 57008 14947 51485 1293 24923 42457 36454 11395 58471 53140 7484 33372 39824 57644 61912 52225]|[50145 15613 64484 16185 43168 55154 51358 16717 63378 22407 42114 32025 13352 18197 56248 28113 52509 29214]|[14229 32280 49982 7177 51760 2736 58053 42050 949 11707 31822 53332 41679 52885 24714 52313 45285 1017]|[40099 17841 51716 9028 39100 37784 43772 39474 64739 3568 49991 33529 14004 10827 26587 55848 821 15841]|[12087 65007 20448 2109 8564 14102 9992 40021 57936 57258 44469 15770 5620 41250 43255 60943 26763 51395]|[10484 14040 9219 7895 11919 16680 49512 45532 58823 3143 15583 15940 4232 12941 54927 2385 18941 7362]|[7315 18193 26281 28625 53831 31244 21996 22322 28392 34687 14698 1944 25483 63453 12459 49380 12407 29122]|[20798 50675 57591 22212 48657 63337 19577 54820 59373 47414 2918 12420 14541 16173 49210 5773 32229 59708]|[42053 36465 29969 24871 60332 27782 1595 26740 58755 33254 22719 29710 2668 53598 57782 23182 49076 1295]|[62135 37583 57390 40388 49316 37974 6109 60629 22111 10587 64306 8019 35730 63683 2733 24061 17989 59878]|[63071 63418 63977 52021 64711 64691 20644 24173 1143 22211 47124 7631 38858 2868 46880 65116 15325 19362]|[42302 3204 35177 50898 54378 44244 62953 60820 34834 33986 12509 42740 43728 31504 33208 44719 54112 46280]|[56529 49684 45043 10174 60966 19583 24389 21236 54040 25125 32707 2982 61899 21561 50255 59325 19648 62359]|[61890 32520 44648 42592 15018 38660 51079 1737 56415 25577 21366 27332 52706 17822 56678 62230 31054 44813]|[57993 38359 3182 53015 47904 3784 24441 51254 17092 1916 1671 35238 4718 51248 13627 6466 18680 20650]|[1467 41187 51488 28268 21840 10411 62554 916 33095 14359 7549 5819 10693 53539 3792 47498 44691 23558]|[37442 17840 4074 27191 7898 15933 63334 8831 1271 3121 22925 48456 14851 1594 23617 9781 50339 19100]|[6555 22219 50249 22002 59140 39573 20803 57612 40257 13373 7224 30513 57349 7129 14910 16977 12952 64377]|[41441 61980 60582 49875 52146 25525 8164 10729 35640 17503 12360 30477 34161 53435 55559 8391 9737 27727]|[23111 47827 58279 5313 39906 19967 10216 7835 48029 39975 25163 10017 63275 45469 21073 46299 53620 31238]|[120 41460 11028 37322 64319 56063 9364 37842 48163 64126 34066 41738 55320 3337 40171 22099 2135 402]|[22217 37872 29503 54662 64502 48753 35829 3521 39807 61503 12442 43294 40341 6597 59355 51764 55988 48983]|[56755 31740 26217 7798 30223 33918 32909 13325 38237 49816 30998 46681 44777 22977 5184 16943 49857 40997]|[59259 63153 61969 53991 50045 60930 8902 61031 53762 589 7346 12032 60860 56548 61472 53866 62583 20277]|[55225 36480 62563 64283 62435 40190 48194 36962 53297 50365 46227 61669 17912 16868 37233 24594 60635 13409]
[52737 31030 52725 65152 55203 10243 47725 9157 17682 51596 36332 14431 60184 18125 55821 56378 59939 20523]|[58438 14753 38367 44436 59041 40139 4049 19899 4381 22859 38387 42388 29499 31852 25386 44949 719 1952]|[25953 43604 21937 21381 57929 42726 39744 2405 9716 48937 7422 26183 2967 2984 33696 58738 44921 48706]|[31054 60086 64898 48141 65001 28901 30961 39568 19432 13540 28214 5496 45409 7079 2206 23007 27958 39303]|[28576 56336 24767 22669 5914 22419 30034 10980 30141 51849 25591 34468 26379 3423 64548 36046 10828 6546]|[22075 54079 46496 29113 22309 41725 40226 7759 51672 24624 13415 26954 35634 21078 10020 49057 26478 40522]|[22029 17387 14864 12103 7518 39557 31185 50905 62722 42532 31098 61887 17843 14608 42535 49348 294 58914]|[48060 47172 18304 50867 14766 38660 28036 18050 44518 24419 14431 15299 40778 54811 55461 48974 58775 54028]|[61627 8250 18477 54303 33259 27522 3206 48415 996 16904 8851 65349 31119 46434 9385 94 56961 39705]|[59557 54450 32617 25741 14395 5600 37925 35026 58162 60735 58943 8420 7026 27811 36426 7429 13015 29896]|[10344 32949 7990 51737 36628 21339 41573 35104 15752 61270 30814 52633 63785 64123 8105 52415 35841 62637]|[49882 61530 19054 16954 37497 20202 47779 48582 5026 41226 20991 55098 38088 22041 8558 2028 15217 42314]|[29902 2944 4849 16919 20419 207 24686 4562 56530 59551 2612 5157 48945 46852 30127 26753 15880 25659]|[15088 22168 47266 52095 1419 60350 56895 59004 29210 42754 11565 37132 43843 1983 3195 10818 6932 47566]|[59808 44946 16103 7519 31627 18258 64602 61617 27834 50031 3098 18298 624 528 11910 25109 11988 58135]|[59560 50384 21960 25229 61302 19927 56651 14256 33862 26695 24885 46666 25521 18764 30750 13398 52096 8346]|[57895 29624 34474 4434 10522 28739 5665 16472 63898 23532 31166 59633 64384 2645 33013 50190 15598 29445]|[14600 44396 65025 23624 24926 1230 35483 18728 31632 13769 63162 26675 18182 55162 33103 32548 24136 48019]|[40440 16335 28247 37190 42995 46698 24172 55561 13162 34721 613 56141 17114 11758 57428 12236 16471 7418]|[39202 45714 51448 23728 48502 22300 38323 6647 48371 40558 38485 32744 62301 39548 29816 467 12129 14428]|[61828 30374 42859 16968 43166 35627 5059 22995 8914 369 47344 13440 10752 4408 2959 52371 63619 42994]|[40336 51853 51814 7146 27134 56619 59299 33957 18919 37400 49298 49818 39901 16407 722 56092 8538 57728]|[36761 40694 48275 63009 13968 1096 46530 8046 30573 46482 23715 9143 43624 62321 47260 24328 41857 62884]|[56973 44084 25846 38770 41852 50734 44955 65087 18529 56704 39204 45212 12006 22897 26060 26574 4401 33192]|[11696 29559 29488 5310 19320 144 5791 51236 18784 35093 52131 12030 13330 38999 4676 62823 13405 7445]|[23376 22498 186 8171 63792 61218 29120 56859 4491 48374 45741 41313 41969 32529 11458 43350 59353 36590]|[2839 16163 44433 47650 42575 32323 24631 48823 64332 45170 37526 51812 13282 32545 45135 13008 52432 30647]|[53948 25478 62250 38368 5021 11421 2447 58138 13827 315 42063 25797 45778 51451 35463 13355 55373 5849]|[59902 51143 29870 9198 62887 16546 36377 939 12897 16262 3797 31269 47487 56935 38069 14857 30519 15752]
[36543 45588 32671 46167 58796 11536 6211 32085 61152 49885 14748 49454 63039 14550 35827 4350 34475 43570]|[35553 45262 46729 3270 25426 6159 37109 33588 25921 28580 61719 17151 42739 4121 50590 41773 46485 59075]|[28265 34051 20353 8258 62236 51839 21753 40295 3925 52234 45150 8990 57067 11285 9846 25792 24902 53942]|[48651 57212 16938 54021 46837 56869 36719 54693 235 3640 26682 29709 27486 54499 4073 7415 4005 30505]|[8244 3231 15024 46220 10254 11134 44477 4524 28187 14589 6133 32706 30133 28112 44906 50093 17145 61133]|[32102 33965 41101 38810 2388 28229 8510 31021 45850 37547 18969 51270 34817 13907 45553 42308 12866 12345]|[16163 24031 59024 30156 60520 51598 65049 54463 31230 51283 25866 38225 34784 56693 21513 14823 7938 21618]|[36666 45106 56315 4015 38915 37871 6297 33891 50302 64104 16078 55781 530 50986 5529 60734 48039 54393]|[53071 36422 65051 38656 49333 17554 41081 59000 53106 25377 53811 65099 29746 21330 51273 20762 21695 23200]|[19368 6283 14091 36950 27894 65148 17765 10897 56565 59795 15775 63499 16380 31854 28685 44575 58057 6590]|[534 6828 2005 30160 3943 31778 49622 10089 17947 6357 23310 21704 4425 25320 52940 6235 32465 36035]|[56782 15460 12608 38609 61929 6415 43760 11431 33641 7892 56219 63195 49497 20121 55946 2287 11734 1612]|[17739 62435 14700 65188 12993 35536 37186 52331 5490 4095 15367 24096 12494 44974 54936 2004 42298 27259]|[16316 58887 10452 4884 36917 40175 63430 57033 15495 34246 63305 30724 63845 18229 23734 34784 52684 10626]|[62042 3463 29596 62498 13421 27120 33170 31593 20109 42496 39169 13186 5624 34122 17702 44686 33739 49488]|[19365 7239 11519 12036 45105 50471 37923 14099 2140 58742 51682 64802 2163 19086 27720 1505 61311 23286]|[1319 49289 1796 16963 36739 50719 49693 42023 63250 12299 26894 19523 53302 58544 49684 33350 21616 45304]|[24513 9666 4243 64341 52653 51102 42869 23347 62302 49260 5893 35917 25475 10940 13039 20381 1257 8879]|[6976 22825 34609 10326 49602 45884 54964 62351 14724 51711 34994 21475 9039 59601 23099 29024 40961 36748]|[57428 56584 44574 64442 37531 26770 31881 6745 8392 22622 2865 23605 25109 33296 59331 47331 4679 60517]|[34413 8079 5318 55331 24127 2294 14809 55988 4519 15287 8914 56965 39355 7865 4374 37486 53045 14844]|[23534 28408 2256 54963 61400 35121 13034 55031 13552 23396 42193 24100 17190 49254 54688 50173 14832 30315]|[61494 48680 17306 15834 54595 57742 39963 35080 8111 25480 61536 64451 31168 32679 17102 3681 64873 38155]|[15143 17273 18334 7752 12771 47491 37797 65116 51960 19920 15910 50803 6133 13421 34103 28675 46182 38424]|[30150 54068 56236 28313 38045 19426 4929 44890 39289 56000 22657 18542 27970 7596 31848 62304 11176 50829]|[50634 5717 40205 18307 60097 62795 63237 10439 42269 44426 34184 3854 5708 62560 65167 45500 25852 39364]|[61072 30396 7642 61249 6301 21104 2449 29537 10234 52026 59203 10132 2326 44500 40284 5900 60296 10157]|[49860 59216 9730 32732 17664 14581 56989 53253 60133 53484 50372 38973 10576 39859 28519 31512 29205 41617]|[64178 19510 58143 15778 39297 31399 10750 24087 55664 18005 20156 39403 30368 64585 24321 22237 33790 48243]
[1285 63767 19997 8909 55860 19377 3955 41341 21417 18859 37613 58794 44407 45301 61867 1682 52149 48363]|[57121 26030 47973 16103 16363 6159 45352 42979 33708 12846 27046 21262 35718 41304 20834 58237 46795 25536]|[64996 19976 18462 50507 63574 56495 39904 62336 25437 61100 6983 1068 32963 22684 12090 61177 45829 2730]|[63081 45887 38641 25118 63943 27185 62713 16567 12688 45106 47025 61821 64090 1964 15373 45072 59610 3715]|[51034 42394 56070 61522 61046 40740 5292 58598 58808 63098 34453 30530 46991 37916 57024 23481 21805 49041]|[24453 28253 54161 47007 11813 41552 63577 58611 38100 49103 57485 42789 53262 17764 12302 46722 3110 47885]|[56621 35478 64296 27883 966 51054 59996 62026 44219 20985 39888 19254 5335 6853 3839 27703 2416 33641]|[37002 48319 36773 44122 12740 41989 44441 18200 48871 13434 6541 11491 18225 42856 56065 18664 52521 13537]|[24501 52747 3980 2713 16876 57398 8941 10822 50060 38536 58298 55656 47818 33169 30605 27760 16818 2220]|[55912 41575 10094 60320 31662 57574 27760 33709 378 19221 34067 36312 21861 54271 11481 3679 3134 33894]|[4219 22508 64087 56424 64749 31766 7132 6077 34804 24294 60216 43143 38909 654 27584 52724 22364 224]|[43398 50326 54337 39570 49873 51752 62472 3737 9087 23546 16834 45885 50922 17071 22950 37351 26891 52808]|[11239 47657 21783 10833 31351 61193 3261 35450 64448 3489 23333 56700 21988 50155 4876 48439 6500 6169]|[12871 28764 7740 49692 63497 46013 50201 61621 43516 29944 4620 58755 46032 23249 48102 5465 9040 29017]|[25921 46170 54686 10250 51800 41686 6375 13417 31160 9860 60554 30529 58965 50734 2463 2633 53077 50289]|[55366 13818 59485 33149 33257 38369 31205 7261 11548 51072 8043 15242 59779 54795 37351 18351 39021 29657]|[21149 17334 16476 39067 34991 47585 19290 44401 43636 42138 1922 45147 8110 57505 39200 9747 40848 39778]|[9644 44432 27463 41808 19991 62176 33176 8603 30435 20620 29492 59022 12296 39333 20222 47858 48715 21185]|[8529 27238 25174 15591 28920 30529 12516 5318 12773 36899 15553 28057 46992 51197 47472 55707 65293 6478]|[4554 20664 4842 13045 34006 39431 7122 6628 2374 54680 3965 25889 11348 38060 5791 53577 50004 39833]|[56169 28189 6010 29353 30726 30159 15763 49912 7764 53408 15250 48274 1344 57544 50349 7097 38443 519]|[51943 1854 48125 24201 31830 27896 2250 13008 51974 31213 39232 29482 12240 52511 9853 44743 3819 2764]|[45172 3352 6611 51938 37923 30687 61583 18334 49542 1374 18560 27067 23546 14580 37258 35044 24714 10088]|[22204 36914 25440 17285 9424 61878 39188 5806 6722 19239 60730 1717 24185 35558 33935 25354 22814 34860]|[5642 24940 28987 11811 26849 14475 11561 40151 11282 37704 1023 1423 11344 4538 40053 50865 32606 23076]|[12801 12190 27726 59405 31472 43546 36427 14203 14033 1193 20786 45429 48565 36729 344 31449 14665 59937]|[45363 35301 63754 21572 34824 29814 26525 64038 15864 3645 12932 14151 8859 50241 40461 34643 54291 25208]|[29563 22967 10381 44644 53669 59323 16515 11508 9610 50770 55902 65308 55742 16358 3597 34200 50558 38718]|[17692 48233 15518 2864 19433 24433 35010 2203 62671 33888 51969 20915 58312 34954 46994 45429 44854 59623]
[12087 65007 20448 2109 8564 14102 9992 40021 57936 57258 44469 15770 5620 41250 43255 60943 26763 51395]|[10484 14040 9219 7895 11919 16680 49512 45532 58823 3143 15583 15940 4232 12941 54927 2385 18941 7362]|[7315 18193 26281 28625 53831 31244 21996 22322 28392 34687 14698 1944 25483 63453 12459 49380 12407 29122]|[20798 50675 57591 22212 48657 63337 19577 54820 59373 47414 2918 12420 14541 16173 49210 5773 32229 59708]|[42053 36465 29969 24871 60332 27782 1595 26740 58755 33254 22719 29710 2668 53598 57782 23182 49076 1295]|[62135 37583 57390 40388 49316 37974 6109 60629 22111 10587 64306 8019 35730 63683 2733 24061 17989 59878]|[63071 63418 63977 52021 64711 64691 20644 24173 1143 22211 47124 7631 38858 2868 46880 65116 15325 19362]|[42302 3204 35177 50898 54378 44244 62953 60820 34834 33986 12509 42740 43728 31504 33208 44719 54112 46280]|[56529 49684 45043 10174 60966 19583 24389 21236 54040 25125 32707 2982 61899 21561 50255 59325 19648 62359]|[61890 32520 44648 42592 15018 38660 51079 1737 56415 25577 21366 27332 52706 17822 56678 62230 31054 44813]|[57993 38359 3182 53015 47904 3784 24441 51254 17092 1916 1671 35238 4718 51248 13627 6466 18680 20650]|[1467 41187 51488 28268 21840 10411 62554 916 33095 14359 7549 5819 10693 53539 3792 47498 44691 23558]|[37442 17840 4074 27191 7898 15933 63334 8831 1271 3121 22925 48456 14851 1594 23617 9781 50339 19100]|[6555 22219 50249 22002 59140 39573 20803 57612 40257 13373 7224 30513 57349 7129 14910 16977 12952 64377]|[41441 61980 60582 49875 52146 25525 8164 10729 35640 17503 12360 30477 34161 53435 55559 8391 9737 27727]|[23111 47827 58279 5313 39906 19967 10216 7835 48029 39975 25163 10017 63275 45469 21073 46299 53620 31238]|[120 41460 11028 37322 64319 56063 9364 37842 48163 64126 34066 41738 55320 3337 40171 22099 2135 402]|[22217 37872 29503 54662 64502 48753 35829 3521 39807 61503 12442 43294 40341 6597 59355 51764 55988 48983]|[56755 31740 26217 7798 30223 33918 32909 13325 38237 49816 30998 46681 44777 22977 5184 16943 49857 40997]|[59259 63153 61969 53991 50045 60930 8902 61031 53762 589 7346 12032 60860 56548 61472 53866 62583 20277]|[55225 36480 62563 64283 62435 40190 48194 36962 53297 50365 46227 61669 17912 16868 37233 24594 60635 13409]|[26534 6673 16263 15071 65095 8001 6596 4513 52816 7453 53386 42796 13746 52372 44870 45814 61242 27167]|[65343 45960 64175 45974 54010 34954 61569 63082 31584 42684 11586 5769 35756 18288 14694 4619 48521 7424]|[56703 65453 56726 16433 9401 33673 2144 64736 43732 10899 12757 19021 30560 27947 61767 27720 13821 37330]|[25020 7620 10847 4514 56154 58407 7624 30692 57470 10537 47679 55395 22836 34649 18350 62542 54661 39886]|[17497 30301 57008 14947 51485 1293 24923 42457 36454 11395 58471 53140 7484 33372 39824 57644 61912 52225]|[50145 15613 64484 16185 43168 55154 51358 16717 63378 22407 42114 32025 13352 18197 56248 28113 52509 29214]|[14229 32280 49982 7177 51760 2736 58053 42050 949 11707 31822 53332 41679 52885 24714 52313 45285 1017]|[40099 17841 51716 9028 39100 37784 43772 39474 64739 3568 49991 33529 14004 10827 26587 55848 821 15841]
[44381 19274 25091 62580 18613 49542 59629 19417 22436 21179 6841 16655 56729 11624 24158 38772 43842 13139]|[25787 21742 55731 1371 7701 45581 7472 62462 3442 48778 20878 4289 60856 14635 60542 646 43508 4104]|[30253 22676 22552 152 6214 27617 35511 35337 19495 24474 10749 61582 37871 43007 34035 14792 59975 6613]|[32521 32801 2409 28329 59796 8537 42868 58903 2835 53513 58575 46849 35876 63162 55819 49973 50782 32173]|[37631 14670 26129 14141 46094 11950 56702 40801 25989 62729 41001 27048 64195 55546 12563 44649 58432 52351]|[5408 21941 11677 12461 16604 34936 39573 45382 37578 56180 50770 62492 41258 17540 59436 47705 51292 37160]|[34524 25904 14125 65216 56823 8373 58254 2784 8214 41910 52062 36934 9770 13094 41095 20117 59690 8329]|[27414 40707 18589 25741 46040 45779 10086 57322 14177 19901 54695 36860 372 10935 60839 7655 52234 19273]|[60655 4184 13598 55790 56473 56730 22391 20568 8989 32208 26883 36439 35291 36380 26523 46030 52316 13275]|[20999 44910 64835 29107 4558 54684 18288 22425 42491 43374 35253 62066 47987 3937 25699 10808 54746 18609]|[30660 48290 45290 9050 17250 43877 54279 62853 7481 6944 40614 13960 63730 57528 9629 39784 31539 33064]|[6855 25386 49839 54993 16746 55708 19442 2309 34495 2774 49566 39125 64663 13608 28882 4301 31474 46253]|[26847 60676 32193 40765 15659 60526 52286 47418 28039 34301 9105 32335 59179 12056 31550 4082 28381 669]|[7394 24917 46646 29423 48922 25697 41290 34486 5000 48820 49414 48694 60571 30014 14496 14690 34508 49064]|[63145 64621 58329 6782 62517 18195 44771 33110 53658 38313 50832 21757 45127 54024 52193 20646 63884 19979]|[1461 55597 41940 1717 20228 17203 32379 4696 34500 55779 52253 4655 48243 9106 38362 42438 28697 55659]|[60691 37538 12424 11624 53759 63945 48904 42751 7975 28822 30024 32783 10972 140 27667 14663 10243 64149]|[18511 54047 65099 22754 57313 49079 12334 3790 43392 13012 34989 24253 47579 1182 18047 62035 31665 37012]|[17470 27883 2697 60613 24062 60251 8426 62356 3282 4782 42727 49262 62108 35853 31314 8468 48948 42893]|[54929 65414 24197 14825 24814 57384 31601 39664 54693 51870 60051 27311 52128 36305 26900 25418 38250 4444]|[50359 42556 49923 52828 40335 24701 51890 35187 46902 48867 4090 65021 52094 11936 47579 17060 63972 54102]|[51275 5213 25862 6639 15464 7256 10785 27096 61824 64580 62390 24422 56768 34042 40500 23832 18303 7005]|[59321 27036 12856 10702 5093 12793 55718 42230 17781 2576 58082 13919 16656 19347 21391 39538 30458 57185]|[13901 25330 19129 18337 18517 42652 18141 4348 8025 55423 8906 36951 12436 35913 13621 2472 552 43430]|[16415 9461 2459 40554 43618 6129 56534 18072 60390 3359 6106 21073 41093 46763 4036 12216 44388 18691]|[32414 59989 28918 40235 45044 37335 29863 44014 59207 47745 5315 27887 36504 51502 3527 6637 44936 39376]|[17040 2569 62397 17267 59442 15682 44845 42530 12745 40204 51266 61736 53715 16422 10095 16197 33920 10065]|[47559 45444 6311 26416 10021 8860 8458 35058 21463 37078 35291 58565 14407 12080 1462 22536 28054 36324]|[41457 57442 60127 33595 10445 58649 17043 3962 62238 7402 44479 51868 35332 21838 64840 20779 10425 1881]
[35360 22640 32989 10600 18290 37046 60473 22855 27956 35885 5208 2502 17989 28873 20813 46533 45394 14240]|[30017 54222 63694 56180 54448 20564 2869 5340 47037 53807 33065 58672 57625 6034 9640 14358 63177 13570]|[28658 24726 41465 34696 34780 61722 36233 5427 29068 38491 41943 62654 41922 30931 15754 61234 54709 11612]|[42938 43452 59086 21068 5901 35591 14809 57490 10228 38409 62382 3158 10659 61824 10138 12735 19847 4826]|[12148 31869 20650 42107 40293 10075 42891 59832 2427 64221 43145 65443 65302 44794 36769 15169 52216 12969]|[24360 38978 52191 64071 11320 13716 32056 25445 18320 27550 43763 59059 48392 21289 39562 62436 41454 22901]|[52518 9659 50579 61119 63522 43947 24702 40156 64090 11727 12025 39980 52805 63867 58089 44675 64206 26589]|[18224 9958 49058 11411 27093 15813 25586 27870 11041 60500 11839 42700 36991 57518 42690 37153 2305 29398]|[7770 5750 46682 43256 40709 11951 25305 9278 23588 29798 13126 15285 97 26332 55531 14973 45896 40547]|[8926 15100 64970 62874 47359 30827 54531 48306 30530 47930 11529 31856 33238 61264 10884 25606 4080 43418]|[9544 51733 60937 3618 36429 60708 45738 53501 63917 10627 15314 45677 15271 7976 22656 35589 1812 43772]|[52139 56287 44084 28513 2045 42521 48396 27529 56073 23386 58377 59234 46756 38078 44766 57433 2054 63994]|[11698 28040 34358 9468 38561 60454 31984 10511 12707 42246 49265 23291 57827 63293 65357 57870 22494 49625]|[58261 38209 23477 34059 51921 21721 40041 38225 27289 19977 20534 60756 62218 12422 47207 18465 28824 64848]|[31389 59083 50770 54652 11591 48289 32586 39555 28247 24855 30388 41452 57154 2939 38291 18923 10148 35759]|[28283 62134 4802 42433 11160 12253 24259 25120 58107 6676 33685 4162 39645 57471 26240 10659 29387 56625]|[29755 32746 44680 2602 34295 38651 32983 19998 45886 61976 45065 64144 28313 55858 25526 967 7369 21409]|[42207 8768 32452 27974 7944 43455 27355 36737 28740 25930 11059 63595 48601 18331 3932 17106 23442 10901]|[4860 10364 4452 62790 61275 52540 35297 36620 48940 46827 22037 34944 61398 54636 47872 40581 51888 1639]|[64514 45918 31689 40567 41870 56521 50569 7050 64853 10720 60575 53470 45422 63306 20725 51944 46930 8902]|[15990 53923 33781 28856 31321 60411 59022 27838 27516 33793 17106 65003 14972 18695 25891 7962 20047 44501]|[50681 3971 20053 11625 36655 27959 53836 55026 9461 16380 6261 15031 29778 3965 13293 64891 14218 20605]|[26446 6276 10414 25226 49642 33913 60003 38904 23732 2192 3118 22248 41674 29175 44679 45690 28420 40813]|[31593 30807 58850 23470 19397 18993 53036 56266 36748 42110 3440 29753 16901 28097 58680 15711 47592 39404]|[14413 52961 12079 38298 44346 4441 27796 53130 7228 63031 9850 18012 63731 4346 1341 64911 29876 10130]|[6879 8835 56795 50743 51442 44599 20154 5809 40748 58292 24559 40827 62082 42927 29172 59178 23216 23166]|[46197 29916 24761 13279 19954 3494 39599 39833 53538 59897 55150 31521 20863 50276 53686 51488 53063 24490]|[53998 30872 22439 56852 57961 1425 39510 26524 5506 19864 19971 50470 54771 41609 46803 60796 34399 10418]|[610 33089 28663 2938 64087 55607 23834 58735 13621 26648 23506 10713 60006 6025 32673 39761 63851 45755]
[30581 42215 29592 6880 12428 60497 29882 59046 25896 1845 3636 64621 14177 46546 52800 15453 15049 18453]|[35719 59983 51541 27323 6203 15094 49738 8131 4380 34508 20846 53103 37214 26344 52716 11269 12103 58781]|[26706 45942 6187 21101 4685 54933 56607 6201 55364 45316 24286 15046 29899 8405 47105 50683 19787 19355]|[22818 57061 29020 12784 6873 28994 19337 62236 47984 26853 45114 13023 40078 59319 64576 61080 818 40912]|[4012 62180 53057 3305 55979 64140 18195 33306 55081 48650 22510 38722 38444 38350 47970 60660 61283 37665]|[64643 32445 58848 59905 33777 28061 41721 21783 52958 41131 41529 20131 46855 6436 30581 4529 24192 1266]|[50571 4082 877 6340 11433 31715 56440 18250 8887 49274 54253 9335 53380 35460 16968 42840 57596 28201]|[24134 48942 34077 33231 15258 40630 31342 28741 8449 10803 48376 2508 42784 29385 17894 41567 35859 11347]|[55530 31176 26184 20818 16537 19011 16350 64913 62188 41281 28111 41424 48313 11977 30974 62844 55316 32744]|[18877 30390 53672 48073 14541 9962 39466 64360 5582 7259 4551 60934 61660 28313 42807 64830 56765 64159]|[59387 64252 5125 36434 27885 57108 12339 56237 37259 8023 15555 56585 33353 4075 18858 50757 57325 8046]|[56839 16666 2779 52848 60383 51841 43228 28573 31949 62962 4204 50581 10941 35690 53898 38971 29195 60083]|[61614 252 61210 14529 56869 6895 21360 20702 46283 57279 44 21857 16234 3249 42909 12413 58218 34307]|[19488 16046 43827 64689 41927 13329 5039 36841 36741 11051 64067 3921 31963 53741 33382 15149 51948 50094]|[38206 11104 41660 4621 32395 46705 60066 3555 28610 2299 48374 37243 13873 25905 20472 51268 48002 36219]|[59442 25243 35803 20069 17477 1525 20305 37982 854 9812 27409 44089 30637 42667 57931 4142 28298 1523]|[27260 30739 57707 40345 58370 53299 9349 35111 6971 60250 58933 56792 49825 20353 33288 44612 18958 55780]|[61023 62938 2852 57678 8017 21489 35257 28818 19338 37854 27522 59670 48876 35011 56214 9668 44062 44007]|[35854 27599 28740 7373 41949 28684 17050 20132 28082 52272 34220 13571 9995 16090 57754 61973 55367 35136]|[22270 7792 17310 45645 50403 46056 33586 41005 18973 53300 46911 11714 6368 61934 59044 40975 42829 49939]|[65497 38323 47255 44185 7994 20316 57035 10603 9084 4507 64062 19038 47842 55083 62266 29382 12131 5906]|[11660 31759 36633 9958 50945 37863 25390 2972 51745 40278 24564 34862 41472 26473 21341 15048 9969 62030]|[59123 10723 57572 42265 63737 16931 50128 59739 43917 22944 47964 52538 10184 40141 51304 24231 32746 44530]|[20256 47178 15208 19629 22084 36278 20770 15434 5812 41562 10540 249 14624 22721 30978 12328 1096 49193]|[40686 15770 44838 41365 53771 22545 22661 64388 59309 37105 50911 61596 59814 38371 4698 27025 60115 20329]|[50642 30332 39857 20129 38314 30115 64091 59683 7416 34789 5271 19572 41854 1906 34271 208 16811 10172]|[3501 46574 8112 35335 34468 16845 64903 58769 7402 34059 53067 32445 10554 15221 6141 51709 36922 53103]|[53891 2715 15801 24911 25960 63280 41581 54021 1111 46794 62021 58474 5970 61794 62775 56494 25185 50527]|[22300 60753 17152 23500 30291 55122 42755 62227 6462 21240 16548 53112 4536 60984 32021 30367 20461 10098]
[14123 47383 30628 57519 17917 16255 50914 62292 26637 5393 16235 62791 27569 16992 21661 2777 58848 26643]|[24243 57582 14727 35061 2293 4583 60449 2297 31465 9655 16610 57974 33105 62475 57248 60331 19202 59309]|[20970 17095 28447 39032 26017 4760 48973 40090 33131 1767 59157 36836 4116 31300 25848 33681 32357 26829]|[43195 14379 62219 42456 14693 55964 7227 29087 59196 33951 52029 5108 50369 2902 55828 55616 31467 28650]|[62167 9294 12970 17266 8757 9502 42403 41765 10354 4444 19200 34486 36128 60951 10527 19225 15169 16530]|[4243 12998 12284 5933 6828 52111 56770 14234 24441 26265 42892 8410 25597 40362 15205 43695 64883 7522]|[40778 34461 50268 35158 47339 22087 63581 60243 23189 58093 22013 37594 12113 40315 29828 33657 21165 4662]|[39744 35217 51518 20699 25765 5245 10313 7718 37322 50171 61588 43279 8894 9979 14069 48288 61536 33026]|[21464 15873 36229 52499 22828 54317 63155 39135 1829 18113 21921 21715 53833 2851 2585 34156 695 59219]|[31863 47372 44044 39880 5094 16722 32307 60491 7040 22717 36138 29843 37631 53040 13077 2319 39659 63220]|[14897 4312 18285 11073 276 36063 59088 20753 13746 51806 61114 14946 21504 26022 53334 37092 24889 20110]|[11798 2401 56827 14982 14833 6814 42617 52802 50083 28942 12034 64929 21598 65455 44011 8940 32810 60518]|[52684 2864 20882 23612 2885 12654 33466 50547 31979 57018 130 47647 17695 45967 19137 50550 6470 25650]|[45727 58814 32389 16312 52817 26468 51627 24452 40095 10286 53820 50144 40452 56112 47509 38424 3946 13358]|[50263 24703 11311 21192 58637 34742 34833 31118 41319 50688 61776 16830 42470 20339 18517 48970 55447 61617]|[57980 51709 1478 6426 35820 61748 24603 1353 44348 16110 28497 57033 44575 27343 63259 8482 32997 429]|[21946 13553 43283 3145 5820 42904 51947 49880 7002 38529 56335 53078 17820 40472 41278 56188 20610 30789]|[9949 65492 28248 57676 14343 21253 64917 56898 49342 6264 25189 28275 1781 14601 40862 51544 23452 5037]|[25173 5582 12566 18705 38277 23735 44560 45552 2124 24576 39921 14691 32835 15390 10363 43205 41163 61637]|[31828 55091 23039 59498 63511 61352 20571 42208 15911 32731 3236 36378 51383 46513 2432 56633 46535 26348]|[42985 61901 46912 3355 8135 35983 58274 49158 12582 52428 57223 31434 44129 36384 46489 34116 32941 25927]|[26581 50014 18789 15916 56146 49794 21078 4336 22673 29243 10929 53362 20866 8605 34044 29489 20310 57408]|[32613 23500 33344 48919 25724 48399 26575 39224 494 63633 22587 37089 62373 31556 10736 10112 3064 13452]|[61577 23660 1517 1287 43825 20399 698 19963 4768 53210 16674 13912 57830 1567 49277 61028 31874 12670]|[29725 1944 58128 41137 27267 2777 54845 51365 24730 50743 26769 24355 36001 44340 33530 31439 21359 1061]|[22259 4008 26730 918 17187 28636 24758 51324 34917 964 57621 15082 2670 41048 24679 40317 51245 24457]|[60532 28395 2818 28258 55048 23745 31785 14037 3120 34291 19164 191 23962 47829 19152 26936 13494 21420]|[4643 41959 1291 34750 39210 51954 48370 58148 33767 15889 36988 37084 3519 24918 48079 39964 6339 50225]|[34952 3574 20620 34388 8326 20255 9889 63693 26149 55144 60684 31140 50434 35604 40145 34045 54738 36954]
[49463 15078 11450 39302 56414 17159 18543 14885 2478 35606 35722 59907 7837 56361 10395 2447 18533 30617]|[19087 51034 12533 42133 58275 64483 64612 32466 29777 20825 20237 55240 61316 19250 50282 34914 23818 7530]|[15690 7054 63420 63529 23641 54318 25350 25125 37751 50816 16502 2833 61436 16847 63194 27769 27432 24618]|[52971 56800 55370 29713 5417 47885 23860 6415 3912 17651 38849 2047 63661 63673 61952 33823 54819 42232]|[20048 36781 43216 25701 41587 38449 62440 28923 2280 61046 12223 56753 11577 18184 35859 4968 28260 25176]|[47449 54916 38930 62534 8773 62926 5562 27124 23882 13317 22848 61804 7785 38599 57979 45523 49301 58881]|[14997 13733 6263 39862 14526 32187 45634 49886 56918 49440 46351 50379 40974 51652 25248 20729 34830 64911]|[28675 8602 37986 11897 23578 40692 43153 63504 34582 33053 20586 7996 5109 59110 5647 16176 31399 32649]|[16729 32756 16079 27783 15215 6657 55914 58393 52660 1472 51139 46929 19298 34742 13646 12972 18775 59955]|[16626 32893 49672 34884 35915 3677 15537 34390 6864 61854 61230 30742 35128 33533 46741 28102 33020 10923]|[17665 9057 16062 54509 40394 56011 3739 46498 61984 42445 17336 38968 5599 21691 28384 45996 18809 39901]|[36435 18574 38623 58112 31869 46027 63706 29000 52195 60060 49759 45722 57321 63333 28249 49744 1396 8994]|[338 12468 28097 10435 27656 28564 10269 48390 50010 53778 33517 61978 19345 57968 56223 50707 29382 25250]|[13861 63889 8570 1166 46036 5431 36208 22839 25293 10537 1984 44510 3645 51943 59057 50650 21330 29948]|[25002 53544 37120 45917 61626 395 55015 21890 30659 29373 31053 24832 23872 20121 48612 24739 54795 34844]|[52157 62034 57664 51088 52651 30077 20035 21516 52184 51405 57296 10378 59396 30839 25836 2928 19087 43449]|[22855 59763 28368 16470 31696 23735 57534 25314 12569 4250 3606 60898 16312 44729 27413 19347 50220 38264]|[54910 31553 18248 23178 41652 41002 57203 30994 40126 47685 11225 32558 19715 59354 22687 46955 27572 39092]|[1552 52115 55920 59389 45367 15851 27526 53123 46451 33890 50215 24154 64115 1090 47656 21614 43217 1917]|[26031 8816 18621 46471 35606 52370 20517 52982 10003 7593 1009 22468 28230 42520 21880 43300 4 42201]|[8504 33440 59256 12972 42481 46459 48035 63959 32719 48037 42852 57505 16128 8108 44204 6390 13616 61626]|[608 25656 22565 63428 54086 44579 3696 34226 19701 54618 35897 2468 28468 65248 15148 39326 40588 2182]|[53153 38034 29873 24573 21846 59439 52412 63897 62137 31567 56821 65502 14068 49232 62932 33786 50724 15623]|[48832 19973 43786 21870 61727 5826 37466 20810 19212 52328 27935 41841 36822 24663 6104 17140 40203 62891]|[53494 57563 2716 53173 52970 11372 64074 64036 57651 29814 44062 49494 28279 59264 19147 16672 14048 60504]|[18064 11548 62949 63305 57480 14403 65215 5298 7493 31709 15492 29212 64633 14141 44235 23531 18905 61928]|[1775 33333 50799 31620 62488 17490 32263 27773 11233 45433 54341 56700 8352 17759 47135 48821 46842 13687]|[1906 24513 4435 25963 47883 44512 6466 12234 27071 45190 2906 4387 32868 32863 36078 54381 21092 6045]|[41242 24722 62746 64999 42039 31140 59885 26990 51117 503 15615 43261 1538 1425 59053 45538 51464 41493]
