222337 192 131134
4
4
0
1 1 1 1 1 1 1 1 1 1 1 1 1 1 1 1 1 1 1 1 1 1 1 1 1 1 1 1 1 1 1 1 1 1 1 1 1 1 1 1 1 1 1 1 1 1 1 1 26245 57407 123392 89016 109307 20085 22288 94727 184565 30238 71834 128077 134675 21203 110017 188359 184765 21272 42446 129306 104036 58504 125351 181287 172744 28788 25669 118803 181349 76583 117506 188356 13700 52840 210292 195355 13430 220580 161031 182579 177078 70172 73629 58724 71021 15558 18460 150721 1 137702 52096 20087 147794 134430 168251 94454 12545 135437 95877 83594 7487 220542 63654 91557 184766 180148 156132 145438 98201 160099 127263 211960 26245 123392 109307 22288 184565 71834 134675 110017 184765 42446 104036 125351 172744 25669 181349 117506 13700 210292 13430 161031 177078 73629 71021 18460 26245 89016 22288 30238 134675 188359 42446 58504 172744 118803 117506 52840 13430 182579 73629 15558 222336 130061 202250 75557 54086 41097 86900 200495 214850 152984 130780 69931 66205 201168 62238 108978 196092 133321 200049 192099 87662 33978 179891 163833 49593 103534 104831 169497 208907 39758 148708 206779
48
1 1 1 1 1 1 1 1 1 1 1 1 1 1 1 1 1 1 1 1 1 1 1 1 1 1 1 1 1 1 1 1 1 1 1 1 1 1 1 1 1 1 1 1 1 1 1 1 222336 91203 84635 130061 170241 192135 202250 160118 74543 75557 87907 90099 54086 185561 127883 41097 209792 217770 86900 106339 126460 200495 138743 87852 214850 39934 1795 152984 158683 216692 130780 184699 37571 69931 42189 755 66205 133631 76899 201168 124136 46769 62238 193633 95074 108978 10377 75078 222336 84635 170241 202250 74543 87907 54086 127883 209792 86900 126460 138743 214850 1795 158683 130780 37571 42189 66205 76899 124136 62238 95074 10377 196092 98945 113030 200049 37772 150503 87662 112320 37572 179891 118301 96986 49593 196668 40988 104831 208637 12045 208907 61306 45259 148708 151316 203877 1 92276 20087 146780 168251 181240 135437 21842 7487 69353 91557 152406 156132 21169 160099 113359 26245 89016 22288 30238 134675 188359 42446 58504 172744 118803 117506 52840 13430 182579 73629 15558 222336 130061 202250 75557 54086 41097 86900 200495 214850 152984 130780 69931 66205 201168 62238 108978
96
1 1 1 1 1 1 1 1 1 1 1 1 1 1 1 1 1 1 1 1 1 1 1 1 1 1 1 1 1 1 1 1 1 1 1 1 1 1 1 1 1 1 1 1 1 1 1 1 196092 164930 98945 133321 113030 202252 200049 127610 37772 192099 150503 94260 87662 201134 112320 33978 37572 201065 179891 93031 118301 163833 96986 41050 49593 193549 196668 103534 40988 145754 104831 33981 208637 169497 12045 26982 208907 1757 61306 39758 45259 152165 148708 163613 151316 206779 203877 71616 1 137702 52096 20087 147794 134430 168251 94454 12545 135437 95877 83594 7487 220542 63654 91557 184766 180148 156132 145438 98201 160099 127263 211960 26245 123392 109307 22288 184565 71834 134675 110017 184765 42446 104036 125351 172744 25669 181349 117506 13700 210292 13430 161031 177078 73629 71021 18460 196092 133321 200049 192099 87662 33978 179891 163833 49593 103534 104831 169497 208907 39758 148708 206779 1 92276 20087 146780 168251 181240 135437 21842 7487 69353 91557 152406 156132 21169 160099 113359 26245 89016 22288 30238 134675 188359 42446 58504 172744 118803 117506 52840 13430 182579 73629 15558
144
1 1 1 1 1 1 1 1 1 1 1 1 1 1 1 1 1 1 1 1 1 1 1 1 1 1 1 1 1 1 1 1 1 1 1 1 1 1 1 1 1 1 1 1 1 1 1 1 1 131134 137702 92276 52096 30202 20087 62219 147794 146780 134430 132238 168251 36776 94454 181240 12545 4567 135437 115998 95877 21842 83594 134485 7487 182403 220542 69353 63654 5645 91557 37638 184766 152406 180148 221582 156132 88706 145438 21169 98201 175568 160099 28704 127263 113359 211960 147259 222336 84635 170241 202250 74543 87907 54086 127883 209792 86900 126460 138743 214850 1795 158683 130780 37571 42189 66205 76899 124136 62238 95074 10377 196092 98945 113030 200049 37772 150503 87662 112320 37572 179891 118301 96986 49593 196668 40988 104831 208637 12045 208907 61306 45259 148708 151316 203877 222336 130061 202250 75557 54086 41097 86900 200495 214850 152984 130780 69931 66205 201168 62238 108978 196092 133321 200049 192099 87662 33978 179891 163833 49593 103534 104831 169497 208907 39758 148708 206779 1 92276 20087 146780 168251 181240 135437 21842 7487 69353 91557 152406 156132 21169 160099 113359
7
0
1 1 1 1 1 1 1 1 1 1 1 1 26245 109307 184565 134675 184765 104036 172744 181349 13700 13430 177078 71021 1 147794 12545 7487 184766 98201 26245 184565 184765 172744 13700 177078 26245 134675 172744 13430 222336 54086 214850 66205 196092 87662 49593 208907 1 1 1 1 1 1 1 1 1 1 1 1 26245 109307 184565 134675 184765 104036 172744 181349 13700 13430 177078 71021 1 147794 12545 7487 184766 98201 26245 184565 184765 172744 13700 177078 26245 134675 172744 13430 222336 54086 214850 66205 196092 87662 49593 208907 1 1 1 1 1 1 1 1 1 1 1 1 26245 109307 184565 134675 184765 104036 172744 181349 13700 13430 177078 71021 1 147794 12545 7487 184766 98201 26245 184565 184765 172744 13700 177078 26245 134675 172744 13430 222336 54086 214850 66205 196092 87662 49593 208907 1 1 1 1 1 1 1 1 1 1 1 1 26245 109307 184565 134675 184765 104036 172744 181349 13700 13430 177078 71021 1 147794 12545 7487 184766 98201 26245 184565 184765 172744 13700 177078 26245 134675 172744 13430 222336 54086 214850 66205 196092 87662 49593 208907
12
1 1 1 1 1 1 1 1 1 1 1 1 222336 170241 74543 54086 209792 126460 214850 158683 37571 66205 124136 95074 222336 74543 209792 214850 37571 124136 196092 37772 37572 49593 208637 45259 0 0 0 0 0 0 0 0 0 0 0 0 1 1 1 1 1 1 1 1 1 1 1 1 222336 170241 74543 54086 209792 126460 214850 158683 37571 66205 124136 95074 222336 74543 209792 214850 37571 124136 196092 37772 37572 49593 208637 45259 0 0 0 0 0 0 0 0 0 0 0 0 1 1 1 1 1 1 1 1 1 1 1 1 222336 170241 74543 54086 209792 126460 214850 158683 37571 66205 124136 95074 222336 74543 209792 214850 37571 124136 196092 37772 37572 49593 208637 45259 0 0 0 0 0 0 0 0 0 0 0 0 1 1 1 1 1 1 1 1 1 1 1 1 222336 170241 74543 54086 209792 126460 214850 158683 37571 66205 124136 95074 222336 74543 209792 214850 37571 124136 196092 37772 37572 49593 208637 45259 0 0 0 0 0 0 0 0 0 0 0 0
24
1 1 1 1 1 1 1 1 1 1 1 1 196092 113030 37772 87662 37572 118301 49593 40988 208637 208907 45259 151316 0 0 0 0 0 0 0 0 0 0 0 0 0 0 0 0 0 0 0 0 0 0 0 0 1 1 1 1 1 1 1 1 1 1 1 1 196092 113030 37772 87662 37572 118301 49593 40988 208637 208907 45259 151316 0 0 0 0 0 0 0 0 0 0 0 0 0 0 0 0 0 0 0 0 0 0 0 0 1 1 1 1 1 1 1 1 1 1 1 1 196092 113030 37772 87662 37572 118301 49593 40988 208637 208907 45259 151316 0 0 0 0 0 0 0 0 0 0 0 0 0 0 0 0 0 0 0 0 0 0 0 0 1 1 1 1 1 1 1 1 1 1 1 1 196092 113030 37772 87662 37572 118301 49593 40988 208637 208907 45259 151316 0 0 0 0 0 0 0 0 0 0 0 0 0 0 0 0 0 0 0 0 0 0 0 0
36
1 1 1 1 1 1 1 1 1 1 1 1 0 0 0 0 0 0 0 0 0 0 0 0 0 0 0 0 0 0 0 0 0 0 0 0 0 0 0 0 0 0 0 0 0 0 0 0 1 1 1 1 1 1 1 1 1 1 1 1 0 0 0 0 0 0 0 0 0 0 0 0 0 0 0 0 0 0 0 0 0 0 0 0 0 0 0 0 0 0 0 0 0 0 0 0 1 1 1 1 1 1 1 1 1 1 1 1 0 0 0 0 0 0 0 0 0 0 0 0 0 0 0 0 0 0 0 0 0 0 0 0 0 0 0 0 0 0 0 0 0 0 0 0 1 1 1 1 1 1 1 1 1 1 1 1 0 0 0 0 0 0 0 0 0 0 0 0 0 0 0 0 0 0 0 0 0 0 0 0 0 0 0 0 0 0 0 0 0 0 0 0
156
0 0 0 0 0 0 0 0 0 0 0 0 0 0 0 0 0 0 0 0 0 0 0 0 0 0 0 0 0 0 0 0 0 0 0 0 1 168251 7487 156132 26245 134675 172744 13430 222336 54086 214850 66205 0 0 0 0 0 0 0 0 0 0 0 0 0 0 0 0 0 0 0 0 0 0 0 0 0 0 0 0 0 0 0 0 0 0 0 0 1 168251 7487 156132 26245 134675 172744 13430 222336 54086 214850 66205 0 0 0 0 0 0 0 0 0 0 0 0 0 0 0 0 0 0 0 0 0 0 0 0 0 0 0 0 0 0 0 0 0 0 0 0 1 168251 7487 156132 26245 134675 172744 13430 222336 54086 214850 66205 0 0 0 0 0 0 0 0 0 0 0 0 0 0 0 0 0 0 0 0 0 0 0 0 0 0 0 0 0 0 0 0 0 0 0 0 1 168251 7487 156132 26245 134675 172744 13430 222336 54086 214850 66205
168
0 0 0 0 0 0 0 0 0 0 0 0 0 0 0 0 0 0 0 0 0 0 0 0 1 147794 12545 7487 184766 98201 26245 184565 184765 172744 13700 177078 196092 87662 49593 208907 1 168251 7487 156132 26245 134675 172744 13430 0 0 0 0 0 0 0 0 0 0 0 0 0 0 0 0 0 0 0 0 0 0 0 0 1 147794 12545 7487 184766 98201 26245 184565 184765 172744 13700 177078 196092 87662 49593 208907 1 168251 7487 156132 26245 134675 172744 13430 0 0 0 0 0 0 0 0 0 0 0 0 0 0 0 0 0 0 0 0 0 0 0 0 1 147794 12545 7487 184766 98201 26245 184565 184765 172744 13700 177078 196092 87662 49593 208907 1 168251 7487 156132 26245 134675 172744 13430 0 0 0 0 0 0 0 0 0 0 0 0 0 0 0 0 0 0 0 0 0 0 0 0 1 147794 12545 7487 184766 98201 26245 184565 184765 172744 13700 177078 196092 87662 49593 208907 1 168251 7487 156132 26245 134675 172744 13430
180
0 0 0 0 0 0 0 0 0 0 0 0 1 52096 147794 168251 12545 95877 7487 63654 184766 156132 98201 127263 222336 74543 209792 214850 37571 124136 196092 37772 37572 49593 208637 45259 222336 54086 214850 66205 196092 87662 49593 208907 1 168251 7487 156132 0 0 0 0 0 0 0 0 0 0 0 0 1 52096 147794 168251 12545 95877 7487 63654 184766 156132 98201 127263 222336 74543 209792 214850 37571 124136 196092 37772 37572 49593 208637 45259 222336 54086 214850 66205 196092 87662 49593 208907 1 168251 7487 156132 0 0 0 0 0 0 0 0 0 0 0 0 1 52096 147794 168251 12545 95877 7487 63654 184766 156132 98201 127263 222336 74543 209792 214850 37571 124136 196092 37772 37572 49593 208637 45259 222336 54086 214850 66205 196092 87662 49593 208907 1 168251 7487 156132 0 0 0 0 0 0 0 0 0 0 0 0 1 52096 147794 168251 12545 95877 7487 63654 184766 156132 98201 127263 222336 74543 209792 214850 37571 124136 196092 37772 37572 49593 208637 45259 222336 54086 214850 66205 196092 87662 49593 208907 1 168251 7487 156132
7
0
1 1 1 26245 184765 13700 1 184766 184765 26245 222336 196092 1 1 1 26245 184765 13700 1 184766 184765 26245 222336 196092 1 1 1 26245 184765 13700 1 184766 184765 26245 222336 196092 1 1 1 26245 184765 13700 1 184766 184765 26245 222336 196092 1 1 1 26245 184765 13700 1 184766 184765 26245 222336 196092 1 1 1 26245 184765 13700 1 184766 184765 26245 222336 196092 1 1 1 26245 184765 13700 1 184766 184765 26245 222336 196092 1 1 1 26245 184765 13700 1 184766 184765 26245 222336 196092 1 1 1 26245 184765 13700 1 184766 184765 26245 222336 196092 1 1 1 26245 184765 13700 1 184766 184765 26245 222336 196092 1 1 1 26245 184765 13700 1 184766 184765 26245 222336 196092 1 1 1 26245 184765 13700 1 184766 184765 26245 222336 196092 1 1 1 26245 184765 13700 1 184766 184765 26245 222336 196092 1 1 1 26245 184765 13700 1 184766 184765 26245 222336 196092 1 1 1 26245 184765 13700 1 184766 184765 26245 222336 196092 1 1 1 26245 184765 13700 1 184766 184765 26245 222336 196092
3
1 1 1 222336 209792 37571 222336 37571 37572 0 0 0 1 1 1 222336 209792 37571 222336 37571 37572 0 0 0 1 1 1 222336 209792 37571 222336 37571 37572 0 0 0 1 1 1 222336 209792 37571 222336 37571 37572 0 0 0 1 1 1 222336 209792 37571 222336 37571 37572 0 0 0 1 1 1 222336 209792 37571 222336 37571 37572 0 0 0 1 1 1 222336 209792 37571 222336 37571 37572 0 0 0 1 1 1 222336 209792 37571 222336 37571 37572 0 0 0 1 1 1 222336 209792 37571 222336 37571 37572 0 0 0 1 1 1 222336 209792 37571 222336 37571 37572 0 0 0 1 1 1 222336 209792 37571 222336 37571 37572 0 0 0 1 1 1 222336 209792 37571 222336 37571 37572 0 0 0 1 1 1 222336 209792 37571 222336 37571 37572 0 0 0 1 1 1 222336 209792 37571 222336 37571 37572 0 0 0 1 1 1 222336 209792 37571 222336 37571 37572 0 0 0 1 1 1 222336 209792 37571 222336 37571 37572 0 0 0
6
1 1 1 196092 37572 208637 0 0 0 0 0 0 1 1 1 196092 37572 208637 0 0 0 0 0 0 1 1 1 196092 37572 208637 0 0 0 0 0 0 1 1 1 196092 37572 208637 0 0 0 0 0 0 1 1 1 196092 37572 208637 0 0 0 0 0 0 1 1 1 196092 37572 208637 0 0 0 0 0 0 1 1 1 196092 37572 208637 0 0 0 0 0 0 1 1 1 196092 37572 208637 0 0 0 0 0 0 1 1 1 196092 37572 208637 0 0 0 0 0 0 1 1 1 196092 37572 208637 0 0 0 0 0 0 1 1 1 196092 37572 208637 0 0 0 0 0 0 1 1 1 196092 37572 208637 0 0 0 0 0 0 1 1 1 196092 37572 208637 0 0 0 0 0 0 1 1 1 196092 37572 208637 0 0 0 0 0 0 1 1 1 196092 37572 208637 0 0 0 0 0 0 1 1 1 196092 37572 208637 0 0 0 0 0 0
9
1 1 1 0 0 0 0 0 0 0 0 0 1 1 1 0 0 0 0 0 0 0 0 0 1 1 1 0 0 0 0 0 0 0 0 0 1 1 1 0 0 0 0 0 0 0 0 0 1 1 1 0 0 0 0 0 0 0 0 0 1 1 1 0 0 0 0 0 0 0 0 0 1 1 1 0 0 0 0 0 0 0 0 0 1 1 1 0 0 0 0 0 0 0 0 0 1 1 1 0 0 0 0 0 0 0 0 0 1 1 1 0 0 0 0 0 0 0 0 0 1 1 1 0 0 0 0 0 0 0 0 0 1 1 1 0 0 0 0 0 0 0 0 0 1 1 1 0 0 0 0 0 0 0 0 0 1 1 1 0 0 0 0 0 0 0 0 0 1 1 1 0 0 0 0 0 0 0 0 0 1 1 1 0 0 0 0 0 0 0 0 0
183
0 0 0 0 0 0 0 0 0 1 26245 222336 0 0 0 0 0 0 0 0 0 1 26245 222336 0 0 0 0 0 0 0 0 0 1 26245 222336 0 0 0 0 0 0 0 0 0 1 26245 222336 0 0 0 0 0 0 0 0 0 1 26245 222336 0 0 0 0 0 0 0 0 0 1 26245 222336 0 0 0 0 0 0 0 0 0 1 26245 222336 0 0 0 0 0 0 0 0 0 1 26245 222336 0 0 0 0 0 0 0 0 0 1 26245 222336 0 0 0 0 0 0 0 0 0 1 26245 222336 0 0 0 0 0 0 0 0 0 1 26245 222336 0 0 0 0 0 0 0 0 0 1 26245 222336 0 0 0 0 0 0 0 0 0 1 26245 222336 0 0 0 0 0 0 0 0 0 1 26245 222336 0 0 0 0 0 0 0 0 0 1 26245 222336 0 0 0 0 0 0 0 0 0 1 26245 222336
186
0 0 0 0 0 0 1 184766 184765 196092 1 26245 0 0 0 0 0 0 1 184766 184765 196092 1 26245 0 0 0 0 0 0 1 184766 184765 196092 1 26245 0 0 0 0 0 0 1 184766 184765 196092 1 26245 0 0 0 0 0 0 1 184766 184765 196092 1 26245 0 0 0 0 0 0 1 184766 184765 196092 1 26245 0 0 0 0 0 0 1 184766 184765 196092 1 26245 0 0 0 0 0 0 1 184766 184765 196092 1 26245 0 0 0 0 0 0 1 184766 184765 196092 1 26245 0 0 0 0 0 0 1 184766 184765 196092 1 26245 0 0 0 0 0 0 1 184766 184765 196092 1 26245 0 0 0 0 0 0 1 184766 184765 196092 1 26245 0 0 0 0 0 0 1 184766 184765 196092 1 26245 0 0 0 0 0 0 1 184766 184765 196092 1 26245 0 0 0 0 0 0 1 184766 184765 196092 1 26245 0 0 0 0 0 0 1 184766 184765 196092 1 26245
189
0 0 0 1 12545 184766 222336 37571 37572 222336 196092 1 0 0 0 1 12545 184766 222336 37571 37572 222336 196092 1 0 0 0 1 12545 184766 222336 37571 37572 222336 196092 1 0 0 0 1 12545 184766 222336 37571 37572 222336 196092 1 0 0 0 1 12545 184766 222336 37571 37572 222336 196092 1 0 0 0 1 12545 184766 222336 37571 37572 222336 196092 1 0 0 0 1 12545 184766 222336 37571 37572 222336 196092 1 0 0 0 1 12545 184766 222336 37571 37572 222336 196092 1 0 0 0 1 12545 184766 222336 37571 37572 222336 196092 1 0 0 0 1 12545 184766 222336 37571 37572 222336 196092 1 0 0 0 1 12545 184766 222336 37571 37572 222336 196092 1 0 0 0 1 12545 184766 222336 37571 37572 222336 196092 1 0 0 0 1 12545 184766 222336 37571 37572 222336 196092 1 0 0 0 1 12545 184766 222336 37571 37572 222336 196092 1 0 0 0 1 12545 184766 222336 37571 37572 222336 196092 1 0 0 0 1 12545 184766 222336 37571 37572 222336 196092 1
5
0
1 184765 184765 1 184765 184765 1 184765 184765 1 184765 184765 1 184765 184765 1 184765 184765 1 184765 184765 1 184765 184765 1 184765 184765 1 184765 184765 1 184765 184765 1 184765 184765 1 184765 184765 1 184765 184765 1 184765 184765 1 184765 184765 1 184765 184765 1 184765 184765 1 184765 184765 1 184765 184765 1 184765 184765 1 184765 184765 1 184765 184765 1 184765 184765 1 184765 184765 1 184765 184765 1 184765 184765 1 184765 184765 1 184765 184765 1 184765 184765 1 184765 184765 1 184765 184765 1 184765 184765 1 184765 184765 1 184765 184765 1 184765 184765 1 184765 184765 1 184765 184765 1 184765 184765 1 184765 184765 1 184765 184765 1 184765 184765 1 184765 184765 1 184765 184765 1 184765 184765 1 184765 184765 1 184765 184765 1 184765 184765 1 184765 184765 1 184765 184765 1 184765 184765 1 184765 184765 1 184765 184765 1 184765 184765 1 184765 184765 1 184765 184765 1 184765 184765 1 184765 184765 1 184765 184765 1 184765 184765 1 184765 184765 1 184765 184765 1 184765 184765 1 184765 184765
1
1 37571 0 1 37571 0 1 37571 0 1 37571 0 1 37571 0 1 37571 0 1 37571 0 1 37571 0 1 37571 0 1 37571 0 1 37571 0 1 37571 0 1 37571 0 1 37571 0 1 37571 0 1 37571 0 1 37571 0 1 37571 0 1 37571 0 1 37571 0 1 37571 0 1 37571 0 1 37571 0 1 37571 0 1 37571 0 1 37571 0 1 37571 0 1 37571 0 1 37571 0 1 37571 0 1 37571 0 1 37571 0 1 37571 0 1 37571 0 1 37571 0 1 37571 0 1 37571 0 1 37571 0 1 37571 0 1 37571 0 1 37571 0 1 37571 0 1 37571 0 1 37571 0 1 37571 0 1 37571 0 1 37571 0 1 37571 0 1 37571 0 1 37571 0 1 37571 0 1 37571 0 1 37571 0 1 37571 0 1 37571 0 1 37571 0 1 37571 0 1 37571 0 1 37571 0 1 37571 0 1 37571 0 1 37571 0 1 37571 0 1 37571 0
2
1 0 0 1 0 0 1 0 0 1 0 0 1 0 0 1 0 0 1 0 0 1 0 0 1 0 0 1 0 0 1 0 0 1 0 0 1 0 0 1 0 0 1 0 0 1 0 0 1 0 0 1 0 0 1 0 0 1 0 0 1 0 0 1 0 0 1 0 0 1 0 0 1 0 0 1 0 0 1 0 0 1 0 0 1 0 0 1 0 0 1 0 0 1 0 0 1 0 0 1 0 0 1 0 0 1 0 0 1 0 0 1 0 0 1 0 0 1 0 0 1 0 0 1 0 0 1 0 0 1 0 0 1 0 0 1 0 0 1 0 0 1 0 0 1 0 0 1 0 0 1 0 0 1 0 0 1 0 0 1 0 0 1 0 0 1 0 0 1 0 0 1 0 0 1 0 0 1 0 0 1 0 0 1 0 0 1 0 0 1 0 0
190
0 0 1 0 0 1 0 0 1 0 0 1 0 0 1 0 0 1 0 0 1 0 0 1 0 0 1 0 0 1 0 0 1 0 0 1 0 0 1 0 0 1 0 0 1 0 0 1 0 0 1 0 0 1 0 0 1 0 0 1 0 0 1 0 0 1 0 0 1 0 0 1 0 0 1 0 0 1 0 0 1 0 0 1 0 0 1 0 0 1 0 0 1 0 0 1 0 0 1 0 0 1 0 0 1 0 0 1 0 0 1 0 0 1 0 0 1 0 0 1 0 0 1 0 0 1 0 0 1 0 0 1 0 0 1 0 0 1 0 0 1 0 0 1 0 0 1 0 0 1 0 0 1 0 0 1 0 0 1 0 0 1 0 0 1 0 0 1 0 0 1 0 0 1 0 0 1 0 0 1 0 0 1 0 0 1 0 0 1 0 0 1
191
0 1 37571 0 1 37571 0 1 37571 0 1 37571 0 1 37571 0 1 37571 0 1 37571 0 1 37571 0 1 37571 0 1 37571 0 1 37571 0 1 37571 0 1 37571 0 1 37571 0 1 37571 0 1 37571 0 1 37571 0 1 37571 0 1 37571 0 1 37571 0 1 37571 0 1 37571 0 1 37571 0 1 37571 0 1 37571 0 1 37571 0 1 37571 0 1 37571 0 1 37571 0 1 37571 0 1 37571 0 1 37571 0 1 37571 0 1 37571 0 1 37571 0 1 37571 0 1 37571 0 1 37571 0 1 37571 0 1 37571 0 1 37571 0 1 37571 0 1 37571 0 1 37571 0 1 37571 0 1 37571 0 1 37571 0 1 37571 0 1 37571 0 1 37571 0 1 37571 0 1 37571 0 1 37571 0 1 37571 0 1 37571 0 1 37571 0 1 37571 0 1 37571 0 1 37571 0 1 37571 0 1 37571 0 1 37571 0 1 37571 0 1 37571
0 64 128 16 80 144 32 96 160 48 112 176 4 68 132 20 84 148 36 100 164 52 116 180 8 72 136 24 88 152 40 104 168 56 120 184 12 76 140 28 92 156 44 108 172 60 124 188 1 65 129 17 81 145 33 97 161 49 113 177 5 69 133 21 85 149 37 101 165 53 117 181 9 73 137 25 89 153 41 105 169 57 121 185 13 77 141 29 93 157 45 109 173 61 125 189 2 66 130 18 82 146 34 98 162 50 114 178 6 70 134 22 86 150 38 102 166 54 118 182 10 74 138 26 90 154 42 106 170 58 122 186 14 78 142 30 94 158 46 110 174 62 126 190 3 67 131 19 83 147 35 99 163 51 115 179 7 71 135 23 87 151 39 103 167 55 119 183 11 75 139 27 91 155 43 107 171 59 123 187 15 79 143 31 95 159 47 111 175 63 127 191
