997057 576 609921
5
4
0
1 1 1 1 1 1 1 1 1 1 1 1 1 1 1 1 1 1 1 1 1 1 1 1 1 1 1 1 1 1 1 1 1 1 1 1 1 1 1 1 1 1 1 1 1 1 1 1 1 1 1 1 1 1 1 1 1 1 1 1 1 1 1 1 1 1 1 1 1 1 1 1 1 1 1 1 1 1 1 1 1 1 1 1 1 1 1 1 1 1 1 1 1 1 1 1 1 1 1 1 1 1 1 1 1 1 1 1 1 1 1 1 1 1 1 1 1 1 1 1 1 1 1 1 1 1 1 1 1 1 1 1 1 1 1 1 1 1 1 1 1 1 1 1 505536 136577 59238 145689 63672 516819 187806 926938 712359 170034 417573 295767 969625 260645 96851 816806 622877 125178 48220 200291 269257 240227 968860 293756 798604 73473 995825 358306 409395 638000 186154 365016 60320 28477 984434 241371 778584 412132 918359 755236 941755 587168 169297 578503 602989 211792 674683 956174 995327 720033 518230 326146 452396 266536 745091 31895 848225 295236 148042 442762 941580 536092 890266 669128 844705 37037 320685 841252 761265 12191 492862 180744 951076 441795 408660 24658 821287 745641 477293 291563 295288 955167 991992 629778 612402 343959 45040 924433 351578 747519 290438 109379 462246 719961 474426 486034 347245 160876 274369 359140 584439 780078 324008 591854 693741 143029 882608 109098 568249 14559 50197 572195 864284 925664 380408 672697 80266 420286 893877 594946 137629 588479 136014 658380 66515 640099 189145 24417 397705 616117 886970 436424 852271 319527 469090 341626 896743 787611 420245 813541 353641 728608 29783 892717 1 662484 499996 64695 907235 718026 794796 810963 803497 100673 111945 671720 263411 656784 196055 673458 59768 216128 965581 103714 670649 647631 580677 701700 158291 781926 476290 860855 18618 532022 401376 46654 755650 664869 188991 74983 660975 859811 342880 994066 659672 97464 923370 449269 45012 746109 249348 644900 995328 183657 952392 809786 758403 866068 739319 704172 651145 421358 873210 167525 217430 68387 20285 153694 355056 211063 580926 148754 25170 938069 45866 179069 505536 59238 63672 187806 712359 417573 969625 96851 622877 48220 269257 968860 798604 995825 409395 186154 60320 984434 778584 918359 941755 169297 602989 674683 995327 518230 452396 745091 848225 148042 941580 890266 844705 320685 761265 492862 951076 408660 821287 477293 295288 991992 612402 45040 351578 290438 462246 474426 347245 274369 584439 324008 693741 882608 568249 50197 864284 380408 80266 893877 137629 136014 66515 189145 397705 886970 852271 469090 896743 420245 353641 29783 505536 145689 187806 170034 969625 816806 48220 240227 798604 358306 186154 28477 778584 755236 169297 211792 995327 326146 745091 295236 941580 669128 320685 12191 951076 24658 477293 955167 612402 924433 290438 719961 347245 359140 324008 143029 568249 572195 380408 420286 137629 658380 189145 616117 852271 341626 420245 728608 997056 427828 932362 30140 202261 660865 896384 857015 733646 239769 323599 639706 31476 934771 349426 511624 838766 213451 136202 970052 595681 752446 332188 180059 336082 300074 2991 587640 73687 583447 250948 516816 1729 101682 187271 731961 257738 988794 575699 844824 779627 215111 843363 681596 416131 10338 58988 788720 491521 851368 809251 827023 27432 180251 948837 756830 198453 638751 810903 968580 218473 241821 827760 785265 1730 670911 251966 701821 55477 327929 676372 984866 45981 972399 519764 41890 384655 72624 706619 277096 649812 637917 673049 854028 428808 424862 616649 576771 859428 338677 807912 380940 144786 655431 576812 268449
144
1 1 1 1 1 1 1 1 1 1 1 1 1 1 1 1 1 1 1 1 1 1 1 1 1 1 1 1 1 1 1 1 1 1 1 1 1 1 1 1 1 1 1 1 1 1 1 1 1 1 1 1 1 1 1 1 1 1 1 1 1 1 1 1 1 1 1 1 1 1 1 1 1 1 1 1 1 1 1 1 1 1 1 1 1 1 1 1 1 1 1 1 1 1 1 1 1 1 1 1 1 1 1 1 1 1 1 1 1 1 1 1 1 1 1 1 1 1 1 1 1 1 1 1 1 1 1 1 1 1 1 1 1 1 1 1 1 1 1 1 1 1 1 1 997056 387136 334573 427828 497061 796647 932362 688737 89822 30140 279031 204278 202261 359942 186094 660865 193560 771732 896384 181455 885112 857015 325337 569522 733646 879164 340273 239769 801002 978469 323599 398415 937289 639706 780929 897139 31476 537918 893343 934771 326408 722578 349426 324539 416380 511624 295357 166265 838766 24299 215131 213451 520767 263259 136202 661973 978439 970052 465035 810388 595681 750971 950403 752446 241407 800486 332188 472406 808066 180059 922074 301190 336082 515006 137246 300074 654177 2099 2991 656458 337385 587640 899593 195053 73687 904452 547788 583447 952045 200443 250948 235038 747709 516816 352157 933600 1729 664160 813400 101682 44665 530111 187271 656842 238654 731961 130989 758573 257738 820907 292885 988794 345912 734695 575699 337260 123847 844824 829532 388778 779627 437369 928670 215111 976772 232828 843363 106852 642001 681596 785994 267361 416131 193959 848303 10338 971887 972116 58988 215160 951191 788720 817988 677288 997056 334573 497061 932362 89822 279031 202261 186094 193560 896384 885112 325337 733646 340273 801002 323599 937289 780929 31476 893343 326408 349426 416380 295357 838766 215131 520767 136202 978439 465035 595681 950403 241407 332188 808066 922074 336082 137246 654177 2991 337385 899593 73687 547788 952045 250948 747709 352157 1729 813400 44665 187271 238654 130989 257738 292885 345912 575699 123847 829532 779627 928670 976772 843363 642001 785994 416131 848303 971887 58988 951191 817988 491521 937819 933385 809251 284698 579484 27432 900206 374180 948837 727800 28197 198453 1232 587662 810903 936737 12623 218473 78698 55302 827760 394068 322374 1730 478827 544661 251966 148832 849015 55477 106791 152352 676372 235792 504195 45981 588397 175770 519764 701769 5065 384655 952017 645479 706619 534811 522631 649812 722688 412618 673049 303316 114449 428808 946860 132773 616649 916791 103180 859428 861043 930542 807912 599352 110087 144786 527967 100314 576812 643416 967274 1 569229 64695 966917 794796 336192 100673 140042 263411 757288 673458 357351 965581 62286 647631 485433 158291 783606 860855 27005 401376 244611 664869 816998 660975 696983 994066 409417 923370 413610 746109 480241 995328 895375 809786 265096 739319 8263 421358 152233 217430 781946 153694 315461 580926 986719 938069 208337 505536 145689 187806 170034 969625 816806 48220 240227 798604 358306 186154 28477 778584 755236 169297 211792 995327 326146 745091 295236 941580 669128 320685 12191 951076 24658 477293 955167 612402 924433 290438 719961 347245 359140 324008 143029 568249 572195 380408 420286 137629 658380 189145 616117 852271 341626 420245 728608 997056 427828 932362 30140 202261 660865 896384 857015 733646 239769 323599 639706 31476 934771 349426 511624 838766 213451 136202 970052 595681 752446 332188 180059 336082 300074 2991 587640 73687 583447 250948 516816 1729 101682 187271 731961 257738 988794 575699 844824 779627 215111 843363 681596 416131 10338 58988 788720
288
1 1 1 1 1 1 1 1 1 1 1 1 1 1 1 1 1 1 1 1 1 1 1 1 1 1 1 1 1 1 1 1 1 1 1 1 1 1 1 1 1 1 1 1 1 1 1 1 1 1 1 1 1 1 1 1 1 1 1 1 1 1 1 1 1 1 1 1 1 1 1 1 1 1 1 1 1 1 1 1 1 1 1 1 1 1 1 1 1 1 1 1 1 1 1 1 1 1 1 1 1 1 1 1 1 1 1 1 1 1 1 1 1 1 1 1 1 1 1 1 1 1 1 1 1 1 1 1 1 1 1 1 1 1 1 1 1 1 1 1 1 1 1 1 491521 860480 937819 851368 933385 480238 809251 70119 284698 827023 579484 701290 27432 736412 900206 180251 374180 871879 948837 796766 727800 756830 28197 703301 198453 923584 1232 638751 587662 359057 810903 632041 936737 968580 12623 755686 218473 584925 78698 241821 55302 409889 827760 418554 394068 785265 322374 40883 1730 277024 478827 670911 544661 730521 251966 965162 148832 701821 849015 554295 55477 460965 106791 327929 152352 960020 676372 155805 235792 984866 504195 816313 45981 555262 588397 972399 175770 251416 519764 705494 701769 41890 5065 367279 384655 653098 952017 72624 645479 249538 706619 887678 534811 277096 522631 511023 649812 836181 722688 637917 412618 216979 673049 405203 303316 854028 114449 887959 428808 982498 946860 424862 132773 71393 616649 324360 916791 576771 103180 402111 859428 408578 861043 338677 930542 356958 807912 972640 599352 380940 110087 560633 144786 677530 527967 655431 100314 209446 576812 183516 643416 268449 967274 104340 1 662484 499996 64695 907235 718026 794796 810963 803497 100673 111945 671720 263411 656784 196055 673458 59768 216128 965581 103714 670649 647631 580677 701700 158291 781926 476290 860855 18618 532022 401376 46654 755650 664869 188991 74983 660975 859811 342880 994066 659672 97464 923370 449269 45012 746109 249348 644900 995328 183657 952392 809786 758403 866068 739319 704172 651145 421358 873210 167525 217430 68387 20285 153694 355056 211063 580926 148754 25170 938069 45866 179069 505536 59238 63672 187806 712359 417573 969625 96851 622877 48220 269257 968860 798604 995825 409395 186154 60320 984434 778584 918359 941755 169297 602989 674683 995327 518230 452396 745091 848225 148042 941580 890266 844705 320685 761265 492862 951076 408660 821287 477293 295288 991992 612402 45040 351578 290438 462246 474426 347245 274369 584439 324008 693741 882608 568249 50197 864284 380408 80266 893877 137629 136014 66515 189145 397705 886970 852271 469090 896743 420245 353641 29783 491521 851368 809251 827023 27432 180251 948837 756830 198453 638751 810903 968580 218473 241821 827760 785265 1730 670911 251966 701821 55477 327929 676372 984866 45981 972399 519764 41890 384655 72624 706619 277096 649812 637917 673049 854028 428808 424862 616649 576771 859428 338677 807912 380940 144786 655431 576812 268449 1 569229 64695 966917 794796 336192 100673 140042 263411 757288 673458 357351 965581 62286 647631 485433 158291 783606 860855 27005 401376 244611 664869 816998 660975 696983 994066 409417 923370 413610 746109 480241 995328 895375 809786 265096 739319 8263 421358 152233 217430 781946 153694 315461 580926 986719 938069 208337 505536 145689 187806 170034 969625 816806 48220 240227 798604 358306 186154 28477 778584 755236 169297 211792 995327 326146 745091 295236 941580 669128 320685 12191 951076 24658 477293 955167 612402 924433 290438 719961 347245 359140 324008 143029 568249 572195 380408 420286 137629 658380 189145 616117 852271 341626 420245 728608
432
1 1 1 1 1 1 1 1 1 1 1 1 1 1 1 1 1 1 1 1 1 1 1 1 1 1 1 1 1 1 1 1 1 1 1 1 1 1 1 1 1 1 1 1 1 1 1 1 1 1 1 1 1 1 1 1 1 1 1 1 1 1 1 1 1 1 1 1 1 1 1 1 1 1 1 1 1 1 1 1 1 1 1 1 1 1 1 1 1 1 1 1 1 1 1 1 1 1 1 1 1 1 1 1 1 1 1 1 1 1 1 1 1 1 1 1 1 1 1 1 1 1 1 1 1 1 1 1 1 1 1 1 1 1 1 1 1 1 1 1 1 1 1 1 1 609921 662484 569229 499996 200410 64695 308320 907235 966917 718026 792779 794796 637115 810963 336192 803497 225325 100673 815602 111945 140042 671720 427535 263411 117893 656784 757288 196055 18588 673458 598642 59768 357351 216128 99918 965581 459139 103714 62286 670649 274479 647631 672518 580677 485433 701700 830792 158291 972758 781926 783606 476290 733798 860855 335084 18618 27005 532022 186669 401376 246086 46654 244611 755650 196571 664869 524651 188991 816998 74983 695867 660975 482051 859811 696983 342880 994958 994066 340599 659672 409417 97464 802004 923370 92605 449269 413610 45012 796614 746109 762019 249348 480241 644900 63457 995328 332897 183657 895375 952392 466946 809786 340215 758403 265096 866068 238484 739319 176150 704172 8263 651145 262362 421358 659797 873210 152233 167525 608279 217430 559688 68387 781946 20285 764229 153694 890205 355056 315461 211063 729696 580926 803098 148754 986719 25170 24941 938069 781897 45866 208337 179069 319769 997056 334573 497061 932362 89822 279031 202261 186094 193560 896384 885112 325337 733646 340273 801002 323599 937289 780929 31476 893343 326408 349426 416380 295357 838766 215131 520767 136202 978439 465035 595681 950403 241407 332188 808066 922074 336082 137246 654177 2991 337385 899593 73687 547788 952045 250948 747709 352157 1729 813400 44665 187271 238654 130989 257738 292885 345912 575699 123847 829532 779627 928670 976772 843363 642001 785994 416131 848303 971887 58988 951191 817988 491521 937819 933385 809251 284698 579484 27432 900206 374180 948837 727800 28197 198453 1232 587662 810903 936737 12623 218473 78698 55302 827760 394068 322374 1730 478827 544661 251966 148832 849015 55477 106791 152352 676372 235792 504195 45981 588397 175770 519764 701769 5065 384655 952017 645479 706619 534811 522631 649812 722688 412618 673049 303316 114449 428808 946860 132773 616649 916791 103180 859428 861043 930542 807912 599352 110087 144786 527967 100314 576812 643416 967274 997056 427828 932362 30140 202261 660865 896384 857015 733646 239769 323599 639706 31476 934771 349426 511624 838766 213451 136202 970052 595681 752446 332188 180059 336082 300074 2991 587640 73687 583447 250948 516816 1729 101682 187271 731961 257738 988794 575699 844824 779627 215111 843363 681596 416131 10338 58988 788720 491521 851368 809251 827023 27432 180251 948837 756830 198453 638751 810903 968580 218473 241821 827760 785265 1730 670911 251966 701821 55477 327929 676372 984866 45981 972399 519764 41890 384655 72624 706619 277096 649812 637917 673049 854028 428808 424862 616649 576771 859428 338677 807912 380940 144786 655431 576812 268449 1 569229 64695 966917 794796 336192 100673 140042 263411 757288 673458 357351 965581 62286 647631 485433 158291 783606 860855 27005 401376 244611 664869 816998 660975 696983 994066 409417 923370 413610 746109 480241 995328 895375 809786 265096 739319 8263 421358 152233 217430 781946 153694 315461 580926 986719 938069 208337
7
0
1 1 1 1 1 1 1 1 1 1 1 1 1 1 1 1 1 1 1 1 1 1 1 1 1 1 1 1 1 1 1 1 1 1 1 1 505536 63672 712359 969625 622877 269257 798604 409395 60320 778584 941755 602989 995327 452396 848225 941580 844705 761265 951076 821287 295288 612402 351578 462246 347245 584439 693741 568249 864284 80266 137629 66515 397705 852271 896743 353641 1 907235 803497 263411 59768 670649 158291 18618 755650 660975 659672 45012 995328 758403 651145 217430 355056 25170 505536 712359 622877 798604 60320 941755 995327 848225 844705 951076 295288 351578 347245 693741 864284 137629 397705 896743 505536 969625 798604 778584 995327 941580 951076 612402 347245 568249 137629 852271 997056 202261 733646 31476 838766 595681 336082 73687 1729 257738 779627 416131 491521 27432 198453 218473 1730 55477 45981 384655 649812 428808 859428 144786 1 1 1 1 1 1 1 1 1 1 1 1 1 1 1 1 1 1 1 1 1 1 1 1 1 1 1 1 1 1 1 1 1 1 1 1 505536 63672 712359 969625 622877 269257 798604 409395 60320 778584 941755 602989 995327 452396 848225 941580 844705 761265 951076 821287 295288 612402 351578 462246 347245 584439 693741 568249 864284 80266 137629 66515 397705 852271 896743 353641 1 907235 803497 263411 59768 670649 158291 18618 755650 660975 659672 45012 995328 758403 651145 217430 355056 25170 505536 712359 622877 798604 60320 941755 995327 848225 844705 951076 295288 351578 347245 693741 864284 137629 397705 896743 505536 969625 798604 778584 995327 941580 951076 612402 347245 568249 137629 852271 997056 202261 733646 31476 838766 595681 336082 73687 1729 257738 779627 416131 491521 27432 198453 218473 1730 55477 45981 384655 649812 428808 859428 144786 1 1 1 1 1 1 1 1 1 1 1 1 1 1 1 1 1 1 1 1 1 1 1 1 1 1 1 1 1 1 1 1 1 1 1 1 505536 63672 712359 969625 622877 269257 798604 409395 60320 778584 941755 602989 995327 452396 848225 941580 844705 761265 951076 821287 295288 612402 351578 462246 347245 584439 693741 568249 864284 80266 137629 66515 397705 852271 896743 353641 1 907235 803497 263411 59768 670649 158291 18618 755650 660975 659672 45012 995328 758403 651145 217430 355056 25170 505536 712359 622877 798604 60320 941755 995327 848225 844705 951076 295288 351578 347245 693741 864284 137629 397705 896743 505536 969625 798604 778584 995327 941580 951076 612402 347245 568249 137629 852271 997056 202261 733646 31476 838766 595681 336082 73687 1729 257738 779627 416131 491521 27432 198453 218473 1730 55477 45981 384655 649812 428808 859428 144786 1 1 1 1 1 1 1 1 1 1 1 1 1 1 1 1 1 1 1 1 1 1 1 1 1 1 1 1 1 1 1 1 1 1 1 1 505536 63672 712359 969625 622877 269257 798604 409395 60320 778584 941755 602989 995327 452396 848225 941580 844705 761265 951076 821287 295288 612402 351578 462246 347245 584439 693741 568249 864284 80266 137629 66515 397705 852271 896743 353641 1 907235 803497 263411 59768 670649 158291 18618 755650 660975 659672 45012 995328 758403 651145 217430 355056 25170 505536 712359 622877 798604 60320 941755 995327 848225 844705 951076 295288 351578 347245 693741 864284 137629 397705 896743 505536 969625 798604 778584 995327 941580 951076 612402 347245 568249 137629 852271 997056 202261 733646 31476 838766 595681 336082 73687 1729 257738 779627 416131 491521 27432 198453 218473 1730 55477 45981 384655 649812 428808 859428 144786
36
1 1 1 1 1 1 1 1 1 1 1 1 1 1 1 1 1 1 1 1 1 1 1 1 1 1 1 1 1 1 1 1 1 1 1 1 997056 497061 89822 202261 193560 885112 733646 801002 937289 31476 326408 416380 838766 520767 978439 595681 241407 808066 336082 654177 337385 73687 952045 747709 1729 44665 238654 257738 345912 123847 779627 976772 642001 416131 971887 951191 997056 89822 193560 733646 937289 326408 838766 978439 241407 336082 337385 952045 1729 238654 345912 779627 642001 971887 491521 284698 374180 198453 936737 55302 1730 148832 152352 45981 701769 645479 649812 303316 132773 859428 599352 100314 0 0 0 0 0 0 0 0 0 0 0 0 0 0 0 0 0 0 0 0 0 0 0 0 0 0 0 0 0 0 0 0 0 0 0 0 1 1 1 1 1 1 1 1 1 1 1 1 1 1 1 1 1 1 1 1 1 1 1 1 1 1 1 1 1 1 1 1 1 1 1 1 997056 497061 89822 202261 193560 885112 733646 801002 937289 31476 326408 416380 838766 520767 978439 595681 241407 808066 336082 654177 337385 73687 952045 747709 1729 44665 238654 257738 345912 123847 779627 976772 642001 416131 971887 951191 997056 89822 193560 733646 937289 326408 838766 978439 241407 336082 337385 952045 1729 238654 345912 779627 642001 971887 491521 284698 374180 198453 936737 55302 1730 148832 152352 45981 701769 645479 649812 303316 132773 859428 599352 100314 0 0 0 0 0 0 0 0 0 0 0 0 0 0 0 0 0 0 0 0 0 0 0 0 0 0 0 0 0 0 0 0 0 0 0 0 1 1 1 1 1 1 1 1 1 1 1 1 1 1 1 1 1 1 1 1 1 1 1 1 1 1 1 1 1 1 1 1 1 1 1 1 997056 497061 89822 202261 193560 885112 733646 801002 937289 31476 326408 416380 838766 520767 978439 595681 241407 808066 336082 654177 337385 73687 952045 747709 1729 44665 238654 257738 345912 123847 779627 976772 642001 416131 971887 951191 997056 89822 193560 733646 937289 326408 838766 978439 241407 336082 337385 952045 1729 238654 345912 779627 642001 971887 491521 284698 374180 198453 936737 55302 1730 148832 152352 45981 701769 645479 649812 303316 132773 859428 599352 100314 0 0 0 0 0 0 0 0 0 0 0 0 0 0 0 0 0 0 0 0 0 0 0 0 0 0 0 0 0 0 0 0 0 0 0 0 1 1 1 1 1 1 1 1 1 1 1 1 1 1 1 1 1 1 1 1 1 1 1 1 1 1 1 1 1 1 1 1 1 1 1 1 997056 497061 89822 202261 193560 885112 733646 801002 937289 31476 326408 416380 838766 520767 978439 595681 241407 808066 336082 654177 337385 73687 952045 747709 1729 44665 238654 257738 345912 123847 779627 976772 642001 416131 971887 951191 997056 89822 193560 733646 937289 326408 838766 978439 241407 336082 337385 952045 1729 238654 345912 779627 642001 971887 491521 284698 374180 198453 936737 55302 1730 148832 152352 45981 701769 645479 649812 303316 132773 859428 599352 100314 0 0 0 0 0 0 0 0 0 0 0 0 0 0 0 0 0 0 0 0 0 0 0 0 0 0 0 0 0 0 0 0 0 0 0 0
72
1 1 1 1 1 1 1 1 1 1 1 1 1 1 1 1 1 1 1 1 1 1 1 1 1 1 1 1 1 1 1 1 1 1 1 1 491521 933385 284698 27432 374180 727800 198453 587662 936737 218473 55302 394068 1730 544661 148832 55477 152352 235792 45981 175770 701769 384655 645479 534811 649812 412618 303316 428808 132773 916791 859428 930542 599352 144786 100314 643416 0 0 0 0 0 0 0 0 0 0 0 0 0 0 0 0 0 0 0 0 0 0 0 0 0 0 0 0 0 0 0 0 0 0 0 0 0 0 0 0 0 0 0 0 0 0 0 0 0 0 0 0 0 0 0 0 0 0 0 0 0 0 0 0 0 0 0 0 0 0 0 0 1 1 1 1 1 1 1 1 1 1 1 1 1 1 1 1 1 1 1 1 1 1 1 1 1 1 1 1 1 1 1 1 1 1 1 1 491521 933385 284698 27432 374180 727800 198453 587662 936737 218473 55302 394068 1730 544661 148832 55477 152352 235792 45981 175770 701769 384655 645479 534811 649812 412618 303316 428808 132773 916791 859428 930542 599352 144786 100314 643416 0 0 0 0 0 0 0 0 0 0 0 0 0 0 0 0 0 0 0 0 0 0 0 0 0 0 0 0 0 0 0 0 0 0 0 0 0 0 0 0 0 0 0 0 0 0 0 0 0 0 0 0 0 0 0 0 0 0 0 0 0 0 0 0 0 0 0 0 0 0 0 0 1 1 1 1 1 1 1 1 1 1 1 1 1 1 1 1 1 1 1 1 1 1 1 1 1 1 1 1 1 1 1 1 1 1 1 1 491521 933385 284698 27432 374180 727800 198453 587662 936737 218473 55302 394068 1730 544661 148832 55477 152352 235792 45981 175770 701769 384655 645479 534811 649812 412618 303316 428808 132773 916791 859428 930542 599352 144786 100314 643416 0 0 0 0 0 0 0 0 0 0 0 0 0 0 0 0 0 0 0 0 0 0 0 0 0 0 0 0 0 0 0 0 0 0 0 0 0 0 0 0 0 0 0 0 0 0 0 0 0 0 0 0 0 0 0 0 0 0 0 0 0 0 0 0 0 0 0 0 0 0 0 0 1 1 1 1 1 1 1 1 1 1 1 1 1 1 1 1 1 1 1 1 1 1 1 1 1 1 1 1 1 1 1 1 1 1 1 1 491521 933385 284698 27432 374180 727800 198453 587662 936737 218473 55302 394068 1730 544661 148832 55477 152352 235792 45981 175770 701769 384655 645479 534811 649812 412618 303316 428808 132773 916791 859428 930542 599352 144786 100314 643416 0 0 0 0 0 0 0 0 0 0 0 0 0 0 0 0 0 0 0 0 0 0 0 0 0 0 0 0 0 0 0 0 0 0 0 0 0 0 0 0 0 0 0 0 0 0 0 0 0 0 0 0 0 0 0 0 0 0 0 0 0 0 0 0 0 0 0 0 0 0 0 0
108
1 1 1 1 1 1 1 1 1 1 1 1 1 1 1 1 1 1 1 1 1 1 1 1 1 1 1 1 1 1 1 1 1 1 1 1 0 0 0 0 0 0 0 0 0 0 0 0 0 0 0 0 0 0 0 0 0 0 0 0 0 0 0 0 0 0 0 0 0 0 0 0 0 0 0 0 0 0 0 0 0 0 0 0 0 0 0 0 0 0 0 0 0 0 0 0 0 0 0 0 0 0 0 0 0 0 0 0 0 0 0 0 0 0 0 0 0 0 0 0 0 0 0 0 0 0 0 0 0 0 0 0 0 0 0 0 0 0 0 0 0 0 0 0 1 1 1 1 1 1 1 1 1 1 1 1 1 1 1 1 1 1 1 1 1 1 1 1 1 1 1 1 1 1 1 1 1 1 1 1 0 0 0 0 0 0 0 0 0 0 0 0 0 0 0 0 0 0 0 0 0 0 0 0 0 0 0 0 0 0 0 0 0 0 0 0 0 0 0 0 0 0 0 0 0 0 0 0 0 0 0 0 0 0 0 0 0 0 0 0 0 0 0 0 0 0 0 0 0 0 0 0 0 0 0 0 0 0 0 0 0 0 0 0 0 0 0 0 0 0 0 0 0 0 0 0 0 0 0 0 0 0 0 0 0 0 0 0 1 1 1 1 1 1 1 1 1 1 1 1 1 1 1 1 1 1 1 1 1 1 1 1 1 1 1 1 1 1 1 1 1 1 1 1 0 0 0 0 0 0 0 0 0 0 0 0 0 0 0 0 0 0 0 0 0 0 0 0 0 0 0 0 0 0 0 0 0 0 0 0 0 0 0 0 0 0 0 0 0 0 0 0 0 0 0 0 0 0 0 0 0 0 0 0 0 0 0 0 0 0 0 0 0 0 0 0 0 0 0 0 0 0 0 0 0 0 0 0 0 0 0 0 0 0 0 0 0 0 0 0 0 0 0 0 0 0 0 0 0 0 0 0 1 1 1 1 1 1 1 1 1 1 1 1 1 1 1 1 1 1 1 1 1 1 1 1 1 1 1 1 1 1 1 1 1 1 1 1 0 0 0 0 0 0 0 0 0 0 0 0 0 0 0 0 0 0 0 0 0 0 0 0 0 0 0 0 0 0 0 0 0 0 0 0 0 0 0 0 0 0 0 0 0 0 0 0 0 0 0 0 0 0 0 0 0 0 0 0 0 0 0 0 0 0 0 0 0 0 0 0 0 0 0 0 0 0 0 0 0 0 0 0 0 0 0 0 0 0 0 0 0 0 0 0 0 0 0 0 0 0 0 0 0 0 0 0
468
0 0 0 0 0 0 0 0 0 0 0 0 0 0 0 0 0 0 0 0 0 0 0 0 0 0 0 0 0 0 0 0 0 0 0 0 0 0 0 0 0 0 0 0 0 0 0 0 0 0 0 0 0 0 0 0 0 0 0 0 0 0 0 0 0 0 0 0 0 0 0 0 0 0 0 0 0 0 0 0 0 0 0 0 0 0 0 0 0 0 0 0 0 0 0 0 0 0 0 0 0 0 0 0 0 0 0 0 1 794796 263411 965581 158291 401376 660975 923370 995328 739319 217430 580926 505536 969625 798604 778584 995327 941580 951076 612402 347245 568249 137629 852271 997056 202261 733646 31476 838766 595681 336082 73687 1729 257738 779627 416131 0 0 0 0 0 0 0 0 0 0 0 0 0 0 0 0 0 0 0 0 0 0 0 0 0 0 0 0 0 0 0 0 0 0 0 0 0 0 0 0 0 0 0 0 0 0 0 0 0 0 0 0 0 0 0 0 0 0 0 0 0 0 0 0 0 0 0 0 0 0 0 0 0 0 0 0 0 0 0 0 0 0 0 0 0 0 0 0 0 0 0 0 0 0 0 0 0 0 0 0 0 0 0 0 0 0 0 0 1 794796 263411 965581 158291 401376 660975 923370 995328 739319 217430 580926 505536 969625 798604 778584 995327 941580 951076 612402 347245 568249 137629 852271 997056 202261 733646 31476 838766 595681 336082 73687 1729 257738 779627 416131 0 0 0 0 0 0 0 0 0 0 0 0 0 0 0 0 0 0 0 0 0 0 0 0 0 0 0 0 0 0 0 0 0 0 0 0 0 0 0 0 0 0 0 0 0 0 0 0 0 0 0 0 0 0 0 0 0 0 0 0 0 0 0 0 0 0 0 0 0 0 0 0 0 0 0 0 0 0 0 0 0 0 0 0 0 0 0 0 0 0 0 0 0 0 0 0 0 0 0 0 0 0 0 0 0 0 0 0 1 794796 263411 965581 158291 401376 660975 923370 995328 739319 217430 580926 505536 969625 798604 778584 995327 941580 951076 612402 347245 568249 137629 852271 997056 202261 733646 31476 838766 595681 336082 73687 1729 257738 779627 416131 0 0 0 0 0 0 0 0 0 0 0 0 0 0 0 0 0 0 0 0 0 0 0 0 0 0 0 0 0 0 0 0 0 0 0 0 0 0 0 0 0 0 0 0 0 0 0 0 0 0 0 0 0 0 0 0 0 0 0 0 0 0 0 0 0 0 0 0 0 0 0 0 0 0 0 0 0 0 0 0 0 0 0 0 0 0 0 0 0 0 0 0 0 0 0 0 0 0 0 0 0 0 0 0 0 0 0 0 1 794796 263411 965581 158291 401376 660975 923370 995328 739319 217430 580926 505536 969625 798604 778584 995327 941580 951076 612402 347245 568249 137629 852271 997056 202261 733646 31476 838766 595681 336082 73687 1729 257738 779627 416131
504
0 0 0 0 0 0 0 0 0 0 0 0 0 0 0 0 0 0 0 0 0 0 0 0 0 0 0 0 0 0 0 0 0 0 0 0 0 0 0 0 0 0 0 0 0 0 0 0 0 0 0 0 0 0 0 0 0 0 0 0 0 0 0 0 0 0 0 0 0 0 0 0 1 907235 803497 263411 59768 670649 158291 18618 755650 660975 659672 45012 995328 758403 651145 217430 355056 25170 505536 712359 622877 798604 60320 941755 995327 848225 844705 951076 295288 351578 347245 693741 864284 137629 397705 896743 491521 27432 198453 218473 1730 55477 45981 384655 649812 428808 859428 144786 1 794796 263411 965581 158291 401376 660975 923370 995328 739319 217430 580926 505536 969625 798604 778584 995327 941580 951076 612402 347245 568249 137629 852271 0 0 0 0 0 0 0 0 0 0 0 0 0 0 0 0 0 0 0 0 0 0 0 0 0 0 0 0 0 0 0 0 0 0 0 0 0 0 0 0 0 0 0 0 0 0 0 0 0 0 0 0 0 0 0 0 0 0 0 0 0 0 0 0 0 0 0 0 0 0 0 0 1 907235 803497 263411 59768 670649 158291 18618 755650 660975 659672 45012 995328 758403 651145 217430 355056 25170 505536 712359 622877 798604 60320 941755 995327 848225 844705 951076 295288 351578 347245 693741 864284 137629 397705 896743 491521 27432 198453 218473 1730 55477 45981 384655 649812 428808 859428 144786 1 794796 263411 965581 158291 401376 660975 923370 995328 739319 217430 580926 505536 969625 798604 778584 995327 941580 951076 612402 347245 568249 137629 852271 0 0 0 0 0 0 0 0 0 0 0 0 0 0 0 0 0 0 0 0 0 0 0 0 0 0 0 0 0 0 0 0 0 0 0 0 0 0 0 0 0 0 0 0 0 0 0 0 0 0 0 0 0 0 0 0 0 0 0 0 0 0 0 0 0 0 0 0 0 0 0 0 1 907235 803497 263411 59768 670649 158291 18618 755650 660975 659672 45012 995328 758403 651145 217430 355056 25170 505536 712359 622877 798604 60320 941755 995327 848225 844705 951076 295288 351578 347245 693741 864284 137629 397705 896743 491521 27432 198453 218473 1730 55477 45981 384655 649812 428808 859428 144786 1 794796 263411 965581 158291 401376 660975 923370 995328 739319 217430 580926 505536 969625 798604 778584 995327 941580 951076 612402 347245 568249 137629 852271 0 0 0 0 0 0 0 0 0 0 0 0 0 0 0 0 0 0 0 0 0 0 0 0 0 0 0 0 0 0 0 0 0 0 0 0 0 0 0 0 0 0 0 0 0 0 0 0 0 0 0 0 0 0 0 0 0 0 0 0 0 0 0 0 0 0 0 0 0 0 0 0 1 907235 803497 263411 59768 670649 158291 18618 755650 660975 659672 45012 995328 758403 651145 217430 355056 25170 505536 712359 622877 798604 60320 941755 995327 848225 844705 951076 295288 351578 347245 693741 864284 137629 397705 896743 491521 27432 198453 218473 1730 55477 45981 384655 649812 428808 859428 144786 1 794796 263411 965581 158291 401376 660975 923370 995328 739319 217430 580926 505536 969625 798604 778584 995327 941580 951076 612402 347245 568249 137629 852271
540
0 0 0 0 0 0 0 0 0 0 0 0 0 0 0 0 0 0 0 0 0 0 0 0 0 0 0 0 0 0 0 0 0 0 0 0 1 499996 907235 794796 803497 111945 263411 196055 59768 965581 670649 580677 158291 476290 18618 401376 755650 188991 660975 342880 659672 923370 45012 249348 995328 952392 758403 739319 651145 873210 217430 20285 355056 580926 25170 45866 997056 89822 193560 733646 937289 326408 838766 978439 241407 336082 337385 952045 1729 238654 345912 779627 642001 971887 491521 284698 374180 198453 936737 55302 1730 148832 152352 45981 701769 645479 649812 303316 132773 859428 599352 100314 997056 202261 733646 31476 838766 595681 336082 73687 1729 257738 779627 416131 491521 27432 198453 218473 1730 55477 45981 384655 649812 428808 859428 144786 1 794796 263411 965581 158291 401376 660975 923370 995328 739319 217430 580926 0 0 0 0 0 0 0 0 0 0 0 0 0 0 0 0 0 0 0 0 0 0 0 0 0 0 0 0 0 0 0 0 0 0 0 0 1 499996 907235 794796 803497 111945 263411 196055 59768 965581 670649 580677 158291 476290 18618 401376 755650 188991 660975 342880 659672 923370 45012 249348 995328 952392 758403 739319 651145 873210 217430 20285 355056 580926 25170 45866 997056 89822 193560 733646 937289 326408 838766 978439 241407 336082 337385 952045 1729 238654 345912 779627 642001 971887 491521 284698 374180 198453 936737 55302 1730 148832 152352 45981 701769 645479 649812 303316 132773 859428 599352 100314 997056 202261 733646 31476 838766 595681 336082 73687 1729 257738 779627 416131 491521 27432 198453 218473 1730 55477 45981 384655 649812 428808 859428 144786 1 794796 263411 965581 158291 401376 660975 923370 995328 739319 217430 580926 0 0 0 0 0 0 0 0 0 0 0 0 0 0 0 0 0 0 0 0 0 0 0 0 0 0 0 0 0 0 0 0 0 0 0 0 1 499996 907235 794796 803497 111945 263411 196055 59768 965581 670649 580677 158291 476290 18618 401376 755650 188991 660975 342880 659672 923370 45012 249348 995328 952392 758403 739319 651145 873210 217430 20285 355056 580926 25170 45866 997056 89822 193560 733646 937289 326408 838766 978439 241407 336082 337385 952045 1729 238654 345912 779627 642001 971887 491521 284698 374180 198453 936737 55302 1730 148832 152352 45981 701769 645479 649812 303316 132773 859428 599352 100314 997056 202261 733646 31476 838766 595681 336082 73687 1729 257738 779627 416131 491521 27432 198453 218473 1730 55477 45981 384655 649812 428808 859428 144786 1 794796 263411 965581 158291 401376 660975 923370 995328 739319 217430 580926 0 0 0 0 0 0 0 0 0 0 0 0 0 0 0 0 0 0 0 0 0 0 0 0 0 0 0 0 0 0 0 0 0 0 0 0 1 499996 907235 794796 803497 111945 263411 196055 59768 965581 670649 580677 158291 476290 18618 401376 755650 188991 660975 342880 659672 923370 45012 249348 995328 952392 758403 739319 651145 873210 217430 20285 355056 580926 25170 45866 997056 89822 193560 733646 937289 326408 838766 978439 241407 336082 337385 952045 1729 238654 345912 779627 642001 971887 491521 284698 374180 198453 936737 55302 1730 148832 152352 45981 701769 645479 649812 303316 132773 859428 599352 100314 997056 202261 733646 31476 838766 595681 336082 73687 1729 257738 779627 416131 491521 27432 198453 218473 1730 55477 45981 384655 649812 428808 859428 144786 1 794796 263411 965581 158291 401376 660975 923370 995328 739319 217430 580926
7
0
1 1 1 1 1 1 1 1 1 505536 622877 60320 995327 844705 295288 347245 864284 397705 1 59768 755650 995328 355056 622877 995327 295288 864284 505536 995327 347245 997056 838766 1729 491521 1730 649812 1 1 1 1 1 1 1 1 1 505536 622877 60320 995327 844705 295288 347245 864284 397705 1 59768 755650 995328 355056 622877 995327 295288 864284 505536 995327 347245 997056 838766 1729 491521 1730 649812 1 1 1 1 1 1 1 1 1 505536 622877 60320 995327 844705 295288 347245 864284 397705 1 59768 755650 995328 355056 622877 995327 295288 864284 505536 995327 347245 997056 838766 1729 491521 1730 649812 1 1 1 1 1 1 1 1 1 505536 622877 60320 995327 844705 295288 347245 864284 397705 1 59768 755650 995328 355056 622877 995327 295288 864284 505536 995327 347245 997056 838766 1729 491521 1730 649812 1 1 1 1 1 1 1 1 1 505536 622877 60320 995327 844705 295288 347245 864284 397705 1 59768 755650 995328 355056 622877 995327 295288 864284 505536 995327 347245 997056 838766 1729 491521 1730 649812 1 1 1 1 1 1 1 1 1 505536 622877 60320 995327 844705 295288 347245 864284 397705 1 59768 755650 995328 355056 622877 995327 295288 864284 505536 995327 347245 997056 838766 1729 491521 1730 649812 1 1 1 1 1 1 1 1 1 505536 622877 60320 995327 844705 295288 347245 864284 397705 1 59768 755650 995328 355056 622877 995327 295288 864284 505536 995327 347245 997056 838766 1729 491521 1730 649812 1 1 1 1 1 1 1 1 1 505536 622877 60320 995327 844705 295288 347245 864284 397705 1 59768 755650 995328 355056 622877 995327 295288 864284 505536 995327 347245 997056 838766 1729 491521 1730 649812 1 1 1 1 1 1 1 1 1 505536 622877 60320 995327 844705 295288 347245 864284 397705 1 59768 755650 995328 355056 622877 995327 295288 864284 505536 995327 347245 997056 838766 1729 491521 1730 649812 1 1 1 1 1 1 1 1 1 505536 622877 60320 995327 844705 295288 347245 864284 397705 1 59768 755650 995328 355056 622877 995327 295288 864284 505536 995327 347245 997056 838766 1729 491521 1730 649812 1 1 1 1 1 1 1 1 1 505536 622877 60320 995327 844705 295288 347245 864284 397705 1 59768 755650 995328 355056 622877 995327 295288 864284 505536 995327 347245 997056 838766 1729 491521 1730 649812 1 1 1 1 1 1 1 1 1 505536 622877 60320 995327 844705 295288 347245 864284 397705 1 59768 755650 995328 355056 622877 995327 295288 864284 505536 995327 347245 997056 838766 1729 491521 1730 649812 1 1 1 1 1 1 1 1 1 505536 622877 60320 995327 844705 295288 347245 864284 397705 1 59768 755650 995328 355056 622877 995327 295288 864284 505536 995327 347245 997056 838766 1729 491521 1730 649812 1 1 1 1 1 1 1 1 1 505536 622877 60320 995327 844705 295288 347245 864284 397705 1 59768 755650 995328 355056 622877 995327 295288 864284 505536 995327 347245 997056 838766 1729 491521 1730 649812 1 1 1 1 1 1 1 1 1 505536 622877 60320 995327 844705 295288 347245 864284 397705 1 59768 755650 995328 355056 622877 995327 295288 864284 505536 995327 347245 997056 838766 1729 491521 1730 649812 1 1 1 1 1 1 1 1 1 505536 622877 60320 995327 844705 295288 347245 864284 397705 1 59768 755650 995328 355056 622877 995327 295288 864284 505536 995327 347245 997056 838766 1729 491521 1730 649812
9
1 1 1 1 1 1 1 1 1 997056 193560 937289 838766 241407 337385 1729 345912 642001 997056 937289 241407 1729 642001 374180 1730 701769 132773 0 0 0 0 0 0 0 0 0 1 1 1 1 1 1 1 1 1 997056 193560 937289 838766 241407 337385 1729 345912 642001 997056 937289 241407 1729 642001 374180 1730 701769 132773 0 0 0 0 0 0 0 0 0 1 1 1 1 1 1 1 1 1 997056 193560 937289 838766 241407 337385 1729 345912 642001 997056 937289 241407 1729 642001 374180 1730 701769 132773 0 0 0 0 0 0 0 0 0 1 1 1 1 1 1 1 1 1 997056 193560 937289 838766 241407 337385 1729 345912 642001 997056 937289 241407 1729 642001 374180 1730 701769 132773 0 0 0 0 0 0 0 0 0 1 1 1 1 1 1 1 1 1 997056 193560 937289 838766 241407 337385 1729 345912 642001 997056 937289 241407 1729 642001 374180 1730 701769 132773 0 0 0 0 0 0 0 0 0 1 1 1 1 1 1 1 1 1 997056 193560 937289 838766 241407 337385 1729 345912 642001 997056 937289 241407 1729 642001 374180 1730 701769 132773 0 0 0 0 0 0 0 0 0 1 1 1 1 1 1 1 1 1 997056 193560 937289 838766 241407 337385 1729 345912 642001 997056 937289 241407 1729 642001 374180 1730 701769 132773 0 0 0 0 0 0 0 0 0 1 1 1 1 1 1 1 1 1 997056 193560 937289 838766 241407 337385 1729 345912 642001 997056 937289 241407 1729 642001 374180 1730 701769 132773 0 0 0 0 0 0 0 0 0 1 1 1 1 1 1 1 1 1 997056 193560 937289 838766 241407 337385 1729 345912 642001 997056 937289 241407 1729 642001 374180 1730 701769 132773 0 0 0 0 0 0 0 0 0 1 1 1 1 1 1 1 1 1 997056 193560 937289 838766 241407 337385 1729 345912 642001 997056 937289 241407 1729 642001 374180 1730 701769 132773 0 0 0 0 0 0 0 0 0 1 1 1 1 1 1 1 1 1 997056 193560 937289 838766 241407 337385 1729 345912 642001 997056 937289 241407 1729 642001 374180 1730 701769 132773 0 0 0 0 0 0 0 0 0 1 1 1 1 1 1 1 1 1 997056 193560 937289 838766 241407 337385 1729 345912 642001 997056 937289 241407 1729 642001 374180 1730 701769 132773 0 0 0 0 0 0 0 0 0 1 1 1 1 1 1 1 1 1 997056 193560 937289 838766 241407 337385 1729 345912 642001 997056 937289 241407 1729 642001 374180 1730 701769 132773 0 0 0 0 0 0 0 0 0 1 1 1 1 1 1 1 1 1 997056 193560 937289 838766 241407 337385 1729 345912 642001 997056 937289 241407 1729 642001 374180 1730 701769 132773 0 0 0 0 0 0 0 0 0 1 1 1 1 1 1 1 1 1 997056 193560 937289 838766 241407 337385 1729 345912 642001 997056 937289 241407 1729 642001 374180 1730 701769 132773 0 0 0 0 0 0 0 0 0 1 1 1 1 1 1 1 1 1 997056 193560 937289 838766 241407 337385 1729 345912 642001 997056 937289 241407 1729 642001 374180 1730 701769 132773 0 0 0 0 0 0 0 0 0
18
1 1 1 1 1 1 1 1 1 491521 374180 936737 1730 152352 701769 649812 132773 599352 0 0 0 0 0 0 0 0 0 0 0 0 0 0 0 0 0 0 1 1 1 1 1 1 1 1 1 491521 374180 936737 1730 152352 701769 649812 132773 599352 0 0 0 0 0 0 0 0 0 0 0 0 0 0 0 0 0 0 1 1 1 1 1 1 1 1 1 491521 374180 936737 1730 152352 701769 649812 132773 599352 0 0 0 0 0 0 0 0 0 0 0 0 0 0 0 0 0 0 1 1 1 1 1 1 1 1 1 491521 374180 936737 1730 152352 701769 649812 132773 599352 0 0 0 0 0 0 0 0 0 0 0 0 0 0 0 0 0 0 1 1 1 1 1 1 1 1 1 491521 374180 936737 1730 152352 701769 649812 132773 599352 0 0 0 0 0 0 0 0 0 0 0 0 0 0 0 0 0 0 1 1 1 1 1 1 1 1 1 491521 374180 936737 1730 152352 701769 649812 132773 599352 0 0 0 0 0 0 0 0 0 0 0 0 0 0 0 0 0 0 1 1 1 1 1 1 1 1 1 491521 374180 936737 1730 152352 701769 649812 132773 599352 0 0 0 0 0 0 0 0 0 0 0 0 0 0 0 0 0 0 1 1 1 1 1 1 1 1 1 491521 374180 936737 1730 152352 701769 649812 132773 599352 0 0 0 0 0 0 0 0 0 0 0 0 0 0 0 0 0 0 1 1 1 1 1 1 1 1 1 491521 374180 936737 1730 152352 701769 649812 132773 599352 0 0 0 0 0 0 0 0 0 0 0 0 0 0 0 0 0 0 1 1 1 1 1 1 1 1 1 491521 374180 936737 1730 152352 701769 649812 132773 599352 0 0 0 0 0 0 0 0 0 0 0 0 0 0 0 0 0 0 1 1 1 1 1 1 1 1 1 491521 374180 936737 1730 152352 701769 649812 132773 599352 0 0 0 0 0 0 0 0 0 0 0 0 0 0 0 0 0 0 1 1 1 1 1 1 1 1 1 491521 374180 936737 1730 152352 701769 649812 132773 599352 0 0 0 0 0 0 0 0 0 0 0 0 0 0 0 0 0 0 1 1 1 1 1 1 1 1 1 491521 374180 936737 1730 152352 701769 649812 132773 599352 0 0 0 0 0 0 0 0 0 0 0 0 0 0 0 0 0 0 1 1 1 1 1 1 1 1 1 491521 374180 936737 1730 152352 701769 649812 132773 599352 0 0 0 0 0 0 0 0 0 0 0 0 0 0 0 0 0 0 1 1 1 1 1 1 1 1 1 491521 374180 936737 1730 152352 701769 649812 132773 599352 0 0 0 0 0 0 0 0 0 0 0 0 0 0 0 0 0 0 1 1 1 1 1 1 1 1 1 491521 374180 936737 1730 152352 701769 649812 132773 599352 0 0 0 0 0 0 0 0 0 0 0 0 0 0 0 0 0 0
27
1 1 1 1 1 1 1 1 1 0 0 0 0 0 0 0 0 0 0 0 0 0 0 0 0 0 0 0 0 0 0 0 0 0 0 0 1 1 1 1 1 1 1 1 1 0 0 0 0 0 0 0 0 0 0 0 0 0 0 0 0 0 0 0 0 0 0 0 0 0 0 0 1 1 1 1 1 1 1 1 1 0 0 0 0 0 0 0 0 0 0 0 0 0 0 0 0 0 0 0 0 0 0 0 0 0 0 0 1 1 1 1 1 1 1 1 1 0 0 0 0 0 0 0 0 0 0 0 0 0 0 0 0 0 0 0 0 0 0 0 0 0 0 0 1 1 1 1 1 1 1 1 1 0 0 0 0 0 0 0 0 0 0 0 0 0 0 0 0 0 0 0 0 0 0 0 0 0 0 0 1 1 1 1 1 1 1 1 1 0 0 0 0 0 0 0 0 0 0 0 0 0 0 0 0 0 0 0 0 0 0 0 0 0 0 0 1 1 1 1 1 1 1 1 1 0 0 0 0 0 0 0 0 0 0 0 0 0 0 0 0 0 0 0 0 0 0 0 0 0 0 0 1 1 1 1 1 1 1 1 1 0 0 0 0 0 0 0 0 0 0 0 0 0 0 0 0 0 0 0 0 0 0 0 0 0 0 0 1 1 1 1 1 1 1 1 1 0 0 0 0 0 0 0 0 0 0 0 0 0 0 0 0 0 0 0 0 0 0 0 0 0 0 0 1 1 1 1 1 1 1 1 1 0 0 0 0 0 0 0 0 0 0 0 0 0 0 0 0 0 0 0 0 0 0 0 0 0 0 0 1 1 1 1 1 1 1 1 1 0 0 0 0 0 0 0 0 0 0 0 0 0 0 0 0 0 0 0 0 0 0 0 0 0 0 0 1 1 1 1 1 1 1 1 1 0 0 0 0 0 0 0 0 0 0 0 0 0 0 0 0 0 0 0 0 0 0 0 0 0 0 0 1 1 1 1 1 1 1 1 1 0 0 0 0 0 0 0 0 0 0 0 0 0 0 0 0 0 0 0 0 0 0 0 0 0 0 0 1 1 1 1 1 1 1 1 1 0 0 0 0 0 0 0 0 0 0 0 0 0 0 0 0 0 0 0 0 0 0 0 0 0 0 0 1 1 1 1 1 1 1 1 1 0 0 0 0 0 0 0 0 0 0 0 0 0 0 0 0 0 0 0 0 0 0 0 0 0 0 0 1 1 1 1 1 1 1 1 1 0 0 0 0 0 0 0 0 0 0 0 0 0 0 0 0 0 0 0 0 0 0 0 0 0 0 0
549
0 0 0 0 0 0 0 0 0 0 0 0 0 0 0 0 0 0 0 0 0 0 0 0 0 0 0 1 158291 995328 505536 995327 347245 997056 838766 1729 0 0 0 0 0 0 0 0 0 0 0 0 0 0 0 0 0 0 0 0 0 0 0 0 0 0 0 1 158291 995328 505536 995327 347245 997056 838766 1729 0 0 0 0 0 0 0 0 0 0 0 0 0 0 0 0 0 0 0 0 0 0 0 0 0 0 0 1 158291 995328 505536 995327 347245 997056 838766 1729 0 0 0 0 0 0 0 0 0 0 0 0 0 0 0 0 0 0 0 0 0 0 0 0 0 0 0 1 158291 995328 505536 995327 347245 997056 838766 1729 0 0 0 0 0 0 0 0 0 0 0 0 0 0 0 0 0 0 0 0 0 0 0 0 0 0 0 1 158291 995328 505536 995327 347245 997056 838766 1729 0 0 0 0 0 0 0 0 0 0 0 0 0 0 0 0 0 0 0 0 0 0 0 0 0 0 0 1 158291 995328 505536 995327 347245 997056 838766 1729 0 0 0 0 0 0 0 0 0 0 0 0 0 0 0 0 0 0 0 0 0 0 0 0 0 0 0 1 158291 995328 505536 995327 347245 997056 838766 1729 0 0 0 0 0 0 0 0 0 0 0 0 0 0 0 0 0 0 0 0 0 0 0 0 0 0 0 1 158291 995328 505536 995327 347245 997056 838766 1729 0 0 0 0 0 0 0 0 0 0 0 0 0 0 0 0 0 0 0 0 0 0 0 0 0 0 0 1 158291 995328 505536 995327 347245 997056 838766 1729 0 0 0 0 0 0 0 0 0 0 0 0 0 0 0 0 0 0 0 0 0 0 0 0 0 0 0 1 158291 995328 505536 995327 347245 997056 838766 1729 0 0 0 0 0 0 0 0 0 0 0 0 0 0 0 0 0 0 0 0 0 0 0 0 0 0 0 1 158291 995328 505536 995327 347245 997056 838766 1729 0 0 0 0 0 0 0 0 0 0 0 0 0 0 0 0 0 0 0 0 0 0 0 0 0 0 0 1 158291 995328 505536 995327 347245 997056 838766 1729 0 0 0 0 0 0 0 0 0 0 0 0 0 0 0 0 0 0 0 0 0 0 0 0 0 0 0 1 158291 995328 505536 995327 347245 997056 838766 1729 0 0 0 0 0 0 0 0 0 0 0 0 0 0 0 0 0 0 0 0 0 0 0 0 0 0 0 1 158291 995328 505536 995327 347245 997056 838766 1729 0 0 0 0 0 0 0 0 0 0 0 0 0 0 0 0 0 0 0 0 0 0 0 0 0 0 0 1 158291 995328 505536 995327 347245 997056 838766 1729 0 0 0 0 0 0 0 0 0 0 0 0 0 0 0 0 0 0 0 0 0 0 0 0 0 0 0 1 158291 995328 505536 995327 347245 997056 838766 1729
558
0 0 0 0 0 0 0 0 0 0 0 0 0 0 0 0 0 0 1 59768 755650 995328 355056 622877 995327 295288 864284 491521 1730 649812 1 158291 995328 505536 995327 347245 0 0 0 0 0 0 0 0 0 0 0 0 0 0 0 0 0 0 1 59768 755650 995328 355056 622877 995327 295288 864284 491521 1730 649812 1 158291 995328 505536 995327 347245 0 0 0 0 0 0 0 0 0 0 0 0 0 0 0 0 0 0 1 59768 755650 995328 355056 622877 995327 295288 864284 491521 1730 649812 1 158291 995328 505536 995327 347245 0 0 0 0 0 0 0 0 0 0 0 0 0 0 0 0 0 0 1 59768 755650 995328 355056 622877 995327 295288 864284 491521 1730 649812 1 158291 995328 505536 995327 347245 0 0 0 0 0 0 0 0 0 0 0 0 0 0 0 0 0 0 1 59768 755650 995328 355056 622877 995327 295288 864284 491521 1730 649812 1 158291 995328 505536 995327 347245 0 0 0 0 0 0 0 0 0 0 0 0 0 0 0 0 0 0 1 59768 755650 995328 355056 622877 995327 295288 864284 491521 1730 649812 1 158291 995328 505536 995327 347245 0 0 0 0 0 0 0 0 0 0 0 0 0 0 0 0 0 0 1 59768 755650 995328 355056 622877 995327 295288 864284 491521 1730 649812 1 158291 995328 505536 995327 347245 0 0 0 0 0 0 0 0 0 0 0 0 0 0 0 0 0 0 1 59768 755650 995328 355056 622877 995327 295288 864284 491521 1730 649812 1 158291 995328 505536 995327 347245 0 0 0 0 0 0 0 0 0 0 0 0 0 0 0 0 0 0 1 59768 755650 995328 355056 622877 995327 295288 864284 491521 1730 649812 1 158291 995328 505536 995327 347245 0 0 0 0 0 0 0 0 0 0 0 0 0 0 0 0 0 0 1 59768 755650 995328 355056 622877 995327 295288 864284 491521 1730 649812 1 158291 995328 505536 995327 347245 0 0 0 0 0 0 0 0 0 0 0 0 0 0 0 0 0 0 1 59768 755650 995328 355056 622877 995327 295288 864284 491521 1730 649812 1 158291 995328 505536 995327 347245 0 0 0 0 0 0 0 0 0 0 0 0 0 0 0 0 0 0 1 59768 755650 995328 355056 622877 995327 295288 864284 491521 1730 649812 1 158291 995328 505536 995327 347245 0 0 0 0 0 0 0 0 0 0 0 0 0 0 0 0 0 0 1 59768 755650 995328 355056 622877 995327 295288 864284 491521 1730 649812 1 158291 995328 505536 995327 347245 0 0 0 0 0 0 0 0 0 0 0 0 0 0 0 0 0 0 1 59768 755650 995328 355056 622877 995327 295288 864284 491521 1730 649812 1 158291 995328 505536 995327 347245 0 0 0 0 0 0 0 0 0 0 0 0 0 0 0 0 0 0 1 59768 755650 995328 355056 622877 995327 295288 864284 491521 1730 649812 1 158291 995328 505536 995327 347245 0 0 0 0 0 0 0 0 0 0 0 0 0 0 0 0 0 0 1 59768 755650 995328 355056 622877 995327 295288 864284 491521 1730 649812 1 158291 995328 505536 995327 347245
567
0 0 0 0 0 0 0 0 0 1 803497 59768 158291 755650 659672 995328 651145 355056 997056 937289 241407 1729 642001 374180 1730 701769 132773 997056 838766 1729 491521 1730 649812 1 158291 995328 0 0 0 0 0 0 0 0 0 1 803497 59768 158291 755650 659672 995328 651145 355056 997056 937289 241407 1729 642001 374180 1730 701769 132773 997056 838766 1729 491521 1730 649812 1 158291 995328 0 0 0 0 0 0 0 0 0 1 803497 59768 158291 755650 659672 995328 651145 355056 997056 937289 241407 1729 642001 374180 1730 701769 132773 997056 838766 1729 491521 1730 649812 1 158291 995328 0 0 0 0 0 0 0 0 0 1 803497 59768 158291 755650 659672 995328 651145 355056 997056 937289 241407 1729 642001 374180 1730 701769 132773 997056 838766 1729 491521 1730 649812 1 158291 995328 0 0 0 0 0 0 0 0 0 1 803497 59768 158291 755650 659672 995328 651145 355056 997056 937289 241407 1729 642001 374180 1730 701769 132773 997056 838766 1729 491521 1730 649812 1 158291 995328 0 0 0 0 0 0 0 0 0 1 803497 59768 158291 755650 659672 995328 651145 355056 997056 937289 241407 1729 642001 374180 1730 701769 132773 997056 838766 1729 491521 1730 649812 1 158291 995328 0 0 0 0 0 0 0 0 0 1 803497 59768 158291 755650 659672 995328 651145 355056 997056 937289 241407 1729 642001 374180 1730 701769 132773 997056 838766 1729 491521 1730 649812 1 158291 995328 0 0 0 0 0 0 0 0 0 1 803497 59768 158291 755650 659672 995328 651145 355056 997056 937289 241407 1729 642001 374180 1730 701769 132773 997056 838766 1729 491521 1730 649812 1 158291 995328 0 0 0 0 0 0 0 0 0 1 803497 59768 158291 755650 659672 995328 651145 355056 997056 937289 241407 1729 642001 374180 1730 701769 132773 997056 838766 1729 491521 1730 649812 1 158291 995328 0 0 0 0 0 0 0 0 0 1 803497 59768 158291 755650 659672 995328 651145 355056 997056 937289 241407 1729 642001 374180 1730 701769 132773 997056 838766 1729 491521 1730 649812 1 158291 995328 0 0 0 0 0 0 0 0 0 1 803497 59768 158291 755650 659672 995328 651145 355056 997056 937289 241407 1729 642001 374180 1730 701769 132773 997056 838766 1729 491521 1730 649812 1 158291 995328 0 0 0 0 0 0 0 0 0 1 803497 59768 158291 755650 659672 995328 651145 355056 997056 937289 241407 1729 642001 374180 1730 701769 132773 997056 838766 1729 491521 1730 649812 1 158291 995328 0 0 0 0 0 0 0 0 0 1 803497 59768 158291 755650 659672 995328 651145 355056 997056 937289 241407 1729 642001 374180 1730 701769 132773 997056 838766 1729 491521 1730 649812 1 158291 995328 0 0 0 0 0 0 0 0 0 1 803497 59768 158291 755650 659672 995328 651145 355056 997056 937289 241407 1729 642001 374180 1730 701769 132773 997056 838766 1729 491521 1730 649812 1 158291 995328 0 0 0 0 0 0 0 0 0 1 803497 59768 158291 755650 659672 995328 651145 355056 997056 937289 241407 1729 642001 374180 1730 701769 132773 997056 838766 1729 491521 1730 649812 1 158291 995328 0 0 0 0 0 0 0 0 0 1 803497 59768 158291 755650 659672 995328 651145 355056 997056 937289 241407 1729 642001 374180 1730 701769 132773 997056 838766 1729 491521 1730 649812 1 158291 995328
5
0
1 1 1 995327 864284 937289 995327 937289 374180 1 1 1 995327 864284 937289 995327 937289 374180 1 1 1 995327 864284 937289 995327 937289 374180 1 1 1 995327 864284 937289 995327 937289 374180 1 1 1 995327 864284 937289 995327 937289 374180 1 1 1 995327 864284 937289 995327 937289 374180 1 1 1 995327 864284 937289 995327 937289 374180 1 1 1 995327 864284 937289 995327 937289 374180 1 1 1 995327 864284 937289 995327 937289 374180 1 1 1 995327 864284 937289 995327 937289 374180 1 1 1 995327 864284 937289 995327 937289 374180 1 1 1 995327 864284 937289 995327 937289 374180 1 1 1 995327 864284 937289 995327 937289 374180 1 1 1 995327 864284 937289 995327 937289 374180 1 1 1 995327 864284 937289 995327 937289 374180 1 1 1 995327 864284 937289 995327 937289 374180 1 1 1 995327 864284 937289 995327 937289 374180 1 1 1 995327 864284 937289 995327 937289 374180 1 1 1 995327 864284 937289 995327 937289 374180 1 1 1 995327 864284 937289 995327 937289 374180 1 1 1 995327 864284 937289 995327 937289 374180 1 1 1 995327 864284 937289 995327 937289 374180 1 1 1 995327 864284 937289 995327 937289 374180 1 1 1 995327 864284 937289 995327 937289 374180 1 1 1 995327 864284 937289 995327 937289 374180 1 1 1 995327 864284 937289 995327 937289 374180 1 1 1 995327 864284 937289 995327 937289 374180 1 1 1 995327 864284 937289 995327 937289 374180 1 1 1 995327 864284 937289 995327 937289 374180 1 1 1 995327 864284 937289 995327 937289 374180 1 1 1 995327 864284 937289 995327 937289 374180 1 1 1 995327 864284 937289 995327 937289 374180 1 1 1 995327 864284 937289 995327 937289 374180 1 1 1 995327 864284 937289 995327 937289 374180 1 1 1 995327 864284 937289 995327 937289 374180 1 1 1 995327 864284 937289 995327 937289 374180 1 1 1 995327 864284 937289 995327 937289 374180 1 1 1 995327 864284 937289 995327 937289 374180 1 1 1 995327 864284 937289 995327 937289 374180 1 1 1 995327 864284 937289 995327 937289 374180 1 1 1 995327 864284 937289 995327 937289 374180 1 1 1 995327 864284 937289 995327 937289 374180 1 1 1 995327 864284 937289 995327 937289 374180 1 1 1 995327 864284 937289 995327 937289 374180 1 1 1 995327 864284 937289 995327 937289 374180 1 1 1 995327 864284 937289 995327 937289 374180 1 1 1 995327 864284 937289 995327 937289 374180 1 1 1 995327 864284 937289 995327 937289 374180 1 1 1 995327 864284 937289 995327 937289 374180 1 1 1 995327 864284 937289 995327 937289 374180 1 1 1 995327 864284 937289 995327 937289 374180 1 1 1 995327 864284 937289 995327 937289 374180 1 1 1 995327 864284 937289 995327 937289 374180 1 1 1 995327 864284 937289 995327 937289 374180 1 1 1 995327 864284 937289 995327 937289 374180 1 1 1 995327 864284 937289 995327 937289 374180 1 1 1 995327 864284 937289 995327 937289 374180 1 1 1 995327 864284 937289 995327 937289 374180 1 1 1 995327 864284 937289 995327 937289 374180 1 1 1 995327 864284 937289 995327 937289 374180 1 1 1 995327 864284 937289 995327 937289 374180 1 1 1 995327 864284 937289 995327 937289 374180 1 1 1 995327 864284 937289 995327 937289 374180 1 1 1 995327 864284 937289 995327 937289 374180
3
1 1 1 1729 374180 701769 0 0 0 1 1 1 1729 374180 701769 0 0 0 1 1 1 1729 374180 701769 0 0 0 1 1 1 1729 374180 701769 0 0 0 1 1 1 1729 374180 701769 0 0 0 1 1 1 1729 374180 701769 0 0 0 1 1 1 1729 374180 701769 0 0 0 1 1 1 1729 374180 701769 0 0 0 1 1 1 1729 374180 701769 0 0 0 1 1 1 1729 374180 701769 0 0 0 1 1 1 1729 374180 701769 0 0 0 1 1 1 1729 374180 701769 0 0 0 1 1 1 1729 374180 701769 0 0 0 1 1 1 1729 374180 701769 0 0 0 1 1 1 1729 374180 701769 0 0 0 1 1 1 1729 374180 701769 0 0 0 1 1 1 1729 374180 701769 0 0 0 1 1 1 1729 374180 701769 0 0 0 1 1 1 1729 374180 701769 0 0 0 1 1 1 1729 374180 701769 0 0 0 1 1 1 1729 374180 701769 0 0 0 1 1 1 1729 374180 701769 0 0 0 1 1 1 1729 374180 701769 0 0 0 1 1 1 1729 374180 701769 0 0 0 1 1 1 1729 374180 701769 0 0 0 1 1 1 1729 374180 701769 0 0 0 1 1 1 1729 374180 701769 0 0 0 1 1 1 1729 374180 701769 0 0 0 1 1 1 1729 374180 701769 0 0 0 1 1 1 1729 374180 701769 0 0 0 1 1 1 1729 374180 701769 0 0 0 1 1 1 1729 374180 701769 0 0 0 1 1 1 1729 374180 701769 0 0 0 1 1 1 1729 374180 701769 0 0 0 1 1 1 1729 374180 701769 0 0 0 1 1 1 1729 374180 701769 0 0 0 1 1 1 1729 374180 701769 0 0 0 1 1 1 1729 374180 701769 0 0 0 1 1 1 1729 374180 701769 0 0 0 1 1 1 1729 374180 701769 0 0 0 1 1 1 1729 374180 701769 0 0 0 1 1 1 1729 374180 701769 0 0 0 1 1 1 1729 374180 701769 0 0 0 1 1 1 1729 374180 701769 0 0 0 1 1 1 1729 374180 701769 0 0 0 1 1 1 1729 374180 701769 0 0 0 1 1 1 1729 374180 701769 0 0 0 1 1 1 1729 374180 701769 0 0 0 1 1 1 1729 374180 701769 0 0 0 1 1 1 1729 374180 701769 0 0 0 1 1 1 1729 374180 701769 0 0 0 1 1 1 1729 374180 701769 0 0 0 1 1 1 1729 374180 701769 0 0 0 1 1 1 1729 374180 701769 0 0 0 1 1 1 1729 374180 701769 0 0 0 1 1 1 1729 374180 701769 0 0 0 1 1 1 1729 374180 701769 0 0 0 1 1 1 1729 374180 701769 0 0 0 1 1 1 1729 374180 701769 0 0 0 1 1 1 1729 374180 701769 0 0 0 1 1 1 1729 374180 701769 0 0 0 1 1 1 1729 374180 701769 0 0 0 1 1 1 1729 374180 701769 0 0 0 1 1 1 1729 374180 701769 0 0 0
6
1 1 1 0 0 0 0 0 0 1 1 1 0 0 0 0 0 0 1 1 1 0 0 0 0 0 0 1 1 1 0 0 0 0 0 0 1 1 1 0 0 0 0 0 0 1 1 1 0 0 0 0 0 0 1 1 1 0 0 0 0 0 0 1 1 1 0 0 0 0 0 0 1 1 1 0 0 0 0 0 0 1 1 1 0 0 0 0 0 0 1 1 1 0 0 0 0 0 0 1 1 1 0 0 0 0 0 0 1 1 1 0 0 0 0 0 0 1 1 1 0 0 0 0 0 0 1 1 1 0 0 0 0 0 0 1 1 1 0 0 0 0 0 0 1 1 1 0 0 0 0 0 0 1 1 1 0 0 0 0 0 0 1 1 1 0 0 0 0 0 0 1 1 1 0 0 0 0 0 0 1 1 1 0 0 0 0 0 0 1 1 1 0 0 0 0 0 0 1 1 1 0 0 0 0 0 0 1 1 1 0 0 0 0 0 0 1 1 1 0 0 0 0 0 0 1 1 1 0 0 0 0 0 0 1 1 1 0 0 0 0 0 0 1 1 1 0 0 0 0 0 0 1 1 1 0 0 0 0 0 0 1 1 1 0 0 0 0 0 0 1 1 1 0 0 0 0 0 0 1 1 1 0 0 0 0 0 0 1 1 1 0 0 0 0 0 0 1 1 1 0 0 0 0 0 0 1 1 1 0 0 0 0 0 0 1 1 1 0 0 0 0 0 0 1 1 1 0 0 0 0 0 0 1 1 1 0 0 0 0 0 0 1 1 1 0 0 0 0 0 0 1 1 1 0 0 0 0 0 0 1 1 1 0 0 0 0 0 0 1 1 1 0 0 0 0 0 0 1 1 1 0 0 0 0 0 0 1 1 1 0 0 0 0 0 0 1 1 1 0 0 0 0 0 0 1 1 1 0 0 0 0 0 0 1 1 1 0 0 0 0 0 0 1 1 1 0 0 0 0 0 0 1 1 1 0 0 0 0 0 0 1 1 1 0 0 0 0 0 0 1 1 1 0 0 0 0 0 0 1 1 1 0 0 0 0 0 0 1 1 1 0 0 0 0 0 0 1 1 1 0 0 0 0 0 0 1 1 1 0 0 0 0 0 0 1 1 1 0 0 0 0 0 0 1 1 1 0 0 0 0 0 0 1 1 1 0 0 0 0 0 0 1 1 1 0 0 0 0 0 0 1 1 1 0 0 0 0 0 0 1 1 1 0 0 0 0 0 0 1 1 1 0 0 0 0 0 0 1 1 1 0 0 0 0 0 0 1 1 1 0 0 0 0 0 0
570
0 0 0 0 0 0 1 355056 864284 0 0 0 0 0 0 1 355056 864284 0 0 0 0 0 0 1 355056 864284 0 0 0 0 0 0 1 355056 864284 0 0 0 0 0 0 1 355056 864284 0 0 0 0 0 0 1 355056 864284 0 0 0 0 0 0 1 355056 864284 0 0 0 0 0 0 1 355056 864284 0 0 0 0 0 0 1 355056 864284 0 0 0 0 0 0 1 355056 864284 0 0 0 0 0 0 1 355056 864284 0 0 0 0 0 0 1 355056 864284 0 0 0 0 0 0 1 355056 864284 0 0 0 0 0 0 1 355056 864284 0 0 0 0 0 0 1 355056 864284 0 0 0 0 0 0 1 355056 864284 0 0 0 0 0 0 1 355056 864284 0 0 0 0 0 0 1 355056 864284 0 0 0 0 0 0 1 355056 864284 0 0 0 0 0 0 1 355056 864284 0 0 0 0 0 0 1 355056 864284 0 0 0 0 0 0 1 355056 864284 0 0 0 0 0 0 1 355056 864284 0 0 0 0 0 0 1 355056 864284 0 0 0 0 0 0 1 355056 864284 0 0 0 0 0 0 1 355056 864284 0 0 0 0 0 0 1 355056 864284 0 0 0 0 0 0 1 355056 864284 0 0 0 0 0 0 1 355056 864284 0 0 0 0 0 0 1 355056 864284 0 0 0 0 0 0 1 355056 864284 0 0 0 0 0 0 1 355056 864284 0 0 0 0 0 0 1 355056 864284 0 0 0 0 0 0 1 355056 864284 0 0 0 0 0 0 1 355056 864284 0 0 0 0 0 0 1 355056 864284 0 0 0 0 0 0 1 355056 864284 0 0 0 0 0 0 1 355056 864284 0 0 0 0 0 0 1 355056 864284 0 0 0 0 0 0 1 355056 864284 0 0 0 0 0 0 1 355056 864284 0 0 0 0 0 0 1 355056 864284 0 0 0 0 0 0 1 355056 864284 0 0 0 0 0 0 1 355056 864284 0 0 0 0 0 0 1 355056 864284 0 0 0 0 0 0 1 355056 864284 0 0 0 0 0 0 1 355056 864284 0 0 0 0 0 0 1 355056 864284 0 0 0 0 0 0 1 355056 864284 0 0 0 0 0 0 1 355056 864284 0 0 0 0 0 0 1 355056 864284 0 0 0 0 0 0 1 355056 864284 0 0 0 0 0 0 1 355056 864284 0 0 0 0 0 0 1 355056 864284 0 0 0 0 0 0 1 355056 864284 0 0 0 0 0 0 1 355056 864284 0 0 0 0 0 0 1 355056 864284 0 0 0 0 0 0 1 355056 864284 0 0 0 0 0 0 1 355056 864284 0 0 0 0 0 0 1 355056 864284 0 0 0 0 0 0 1 355056 864284 0 0 0 0 0 0 1 355056 864284 0 0 0 0 0 0 1 355056 864284 0 0 0 0 0 0 1 355056 864284
573
0 0 0 1 755650 355056 1729 701769 755650 0 0 0 1 755650 355056 1729 701769 755650 0 0 0 1 755650 355056 1729 701769 755650 0 0 0 1 755650 355056 1729 701769 755650 0 0 0 1 755650 355056 1729 701769 755650 0 0 0 1 755650 355056 1729 701769 755650 0 0 0 1 755650 355056 1729 701769 755650 0 0 0 1 755650 355056 1729 701769 755650 0 0 0 1 755650 355056 1729 701769 755650 0 0 0 1 755650 355056 1729 701769 755650 0 0 0 1 755650 355056 1729 701769 755650 0 0 0 1 755650 355056 1729 701769 755650 0 0 0 1 755650 355056 1729 701769 755650 0 0 0 1 755650 355056 1729 701769 755650 0 0 0 1 755650 355056 1729 701769 755650 0 0 0 1 755650 355056 1729 701769 755650 0 0 0 1 755650 355056 1729 701769 755650 0 0 0 1 755650 355056 1729 701769 755650 0 0 0 1 755650 355056 1729 701769 755650 0 0 0 1 755650 355056 1729 701769 755650 0 0 0 1 755650 355056 1729 701769 755650 0 0 0 1 755650 355056 1729 701769 755650 0 0 0 1 755650 355056 1729 701769 755650 0 0 0 1 755650 355056 1729 701769 755650 0 0 0 1 755650 355056 1729 701769 755650 0 0 0 1 755650 355056 1729 701769 755650 0 0 0 1 755650 355056 1729 701769 755650 0 0 0 1 755650 355056 1729 701769 755650 0 0 0 1 755650 355056 1729 701769 755650 0 0 0 1 755650 355056 1729 701769 755650 0 0 0 1 755650 355056 1729 701769 755650 0 0 0 1 755650 355056 1729 701769 755650 0 0 0 1 755650 355056 1729 701769 755650 0 0 0 1 755650 355056 1729 701769 755650 0 0 0 1 755650 355056 1729 701769 755650 0 0 0 1 755650 355056 1729 701769 755650 0 0 0 1 755650 355056 1729 701769 755650 0 0 0 1 755650 355056 1729 701769 755650 0 0 0 1 755650 355056 1729 701769 755650 0 0 0 1 755650 355056 1729 701769 755650 0 0 0 1 755650 355056 1729 701769 755650 0 0 0 1 755650 355056 1729 701769 755650 0 0 0 1 755650 355056 1729 701769 755650 0 0 0 1 755650 355056 1729 701769 755650 0 0 0 1 755650 355056 1729 701769 755650 0 0 0 1 755650 355056 1729 701769 755650 0 0 0 1 755650 355056 1729 701769 755650 0 0 0 1 755650 355056 1729 701769 755650 0 0 0 1 755650 355056 1729 701769 755650 0 0 0 1 755650 355056 1729 701769 755650 0 0 0 1 755650 355056 1729 701769 755650 0 0 0 1 755650 355056 1729 701769 755650 0 0 0 1 755650 355056 1729 701769 755650 0 0 0 1 755650 355056 1729 701769 755650 0 0 0 1 755650 355056 1729 701769 755650 0 0 0 1 755650 355056 1729 701769 755650 0 0 0 1 755650 355056 1729 701769 755650 0 0 0 1 755650 355056 1729 701769 755650 0 0 0 1 755650 355056 1729 701769 755650 0 0 0 1 755650 355056 1729 701769 755650 0 0 0 1 755650 355056 1729 701769 755650 0 0 0 1 755650 355056 1729 701769 755650 0 0 0 1 755650 355056 1729 701769 755650 0 0 0 1 755650 355056 1729 701769 755650
5
0
1 995327 995327 1 995327 995327 1 995327 995327 1 995327 995327 1 995327 995327 1 995327 995327 1 995327 995327 1 995327 995327 1 995327 995327 1 995327 995327 1 995327 995327 1 995327 995327 1 995327 995327 1 995327 995327 1 995327 995327 1 995327 995327 1 995327 995327 1 995327 995327 1 995327 995327 1 995327 995327 1 995327 995327 1 995327 995327 1 995327 995327 1 995327 995327 1 995327 995327 1 995327 995327 1 995327 995327 1 995327 995327 1 995327 995327 1 995327 995327 1 995327 995327 1 995327 995327 1 995327 995327 1 995327 995327 1 995327 995327 1 995327 995327 1 995327 995327 1 995327 995327 1 995327 995327 1 995327 995327 1 995327 995327 1 995327 995327 1 995327 995327 1 995327 995327 1 995327 995327 1 995327 995327 1 995327 995327 1 995327 995327 1 995327 995327 1 995327 995327 1 995327 995327 1 995327 995327 1 995327 995327 1 995327 995327 1 995327 995327 1 995327 995327 1 995327 995327 1 995327 995327 1 995327 995327 1 995327 995327 1 995327 995327 1 995327 995327 1 995327 995327 1 995327 995327 1 995327 995327 1 995327 995327 1 995327 995327 1 995327 995327 1 995327 995327 1 995327 995327 1 995327 995327 1 995327 995327 1 995327 995327 1 995327 995327 1 995327 995327 1 995327 995327 1 995327 995327 1 995327 995327 1 995327 995327 1 995327 995327 1 995327 995327 1 995327 995327 1 995327 995327 1 995327 995327 1 995327 995327 1 995327 995327 1 995327 995327 1 995327 995327 1 995327 995327 1 995327 995327 1 995327 995327 1 995327 995327 1 995327 995327 1 995327 995327 1 995327 995327 1 995327 995327 1 995327 995327 1 995327 995327 1 995327 995327 1 995327 995327 1 995327 995327 1 995327 995327 1 995327 995327 1 995327 995327 1 995327 995327 1 995327 995327 1 995327 995327 1 995327 995327 1 995327 995327 1 995327 995327 1 995327 995327 1 995327 995327 1 995327 995327 1 995327 995327 1 995327 995327 1 995327 995327 1 995327 995327 1 995327 995327 1 995327 995327 1 995327 995327 1 995327 995327 1 995327 995327 1 995327 995327 1 995327 995327 1 995327 995327 1 995327 995327 1 995327 995327 1 995327 995327 1 995327 995327 1 995327 995327 1 995327 995327 1 995327 995327 1 995327 995327 1 995327 995327 1 995327 995327 1 995327 995327 1 995327 995327 1 995327 995327 1 995327 995327 1 995327 995327 1 995327 995327 1 995327 995327 1 995327 995327 1 995327 995327 1 995327 995327 1 995327 995327 1 995327 995327 1 995327 995327 1 995327 995327 1 995327 995327 1 995327 995327 1 995327 995327 1 995327 995327 1 995327 995327 1 995327 995327 1 995327 995327 1 995327 995327 1 995327 995327 1 995327 995327 1 995327 995327 1 995327 995327 1 995327 995327 1 995327 995327 1 995327 995327 1 995327 995327 1 995327 995327 1 995327 995327 1 995327 995327 1 995327 995327 1 995327 995327 1 995327 995327 1 995327 995327 1 995327 995327 1 995327 995327 1 995327 995327 1 995327 995327 1 995327 995327 1 995327 995327 1 995327 995327 1 995327 995327 1 995327 995327 1 995327 995327 1 995327 995327 1 995327 995327 1 995327 995327 1 995327 995327 1 995327 995327 1 995327 995327 1 995327 995327 1 995327 995327 1 995327 995327 1 995327 995327
1
1 1729 0 1 1729 0 1 1729 0 1 1729 0 1 1729 0 1 1729 0 1 1729 0 1 1729 0 1 1729 0 1 1729 0 1 1729 0 1 1729 0 1 1729 0 1 1729 0 1 1729 0 1 1729 0 1 1729 0 1 1729 0 1 1729 0 1 1729 0 1 1729 0 1 1729 0 1 1729 0 1 1729 0 1 1729 0 1 1729 0 1 1729 0 1 1729 0 1 1729 0 1 1729 0 1 1729 0 1 1729 0 1 1729 0 1 1729 0 1 1729 0 1 1729 0 1 1729 0 1 1729 0 1 1729 0 1 1729 0 1 1729 0 1 1729 0 1 1729 0 1 1729 0 1 1729 0 1 1729 0 1 1729 0 1 1729 0 1 1729 0 1 1729 0 1 1729 0 1 1729 0 1 1729 0 1 1729 0 1 1729 0 1 1729 0 1 1729 0 1 1729 0 1 1729 0 1 1729 0 1 1729 0 1 1729 0 1 1729 0 1 1729 0 1 1729 0 1 1729 0 1 1729 0 1 1729 0 1 1729 0 1 1729 0 1 1729 0 1 1729 0 1 1729 0 1 1729 0 1 1729 0 1 1729 0 1 1729 0 1 1729 0 1 1729 0 1 1729 0 1 1729 0 1 1729 0 1 1729 0 1 1729 0 1 1729 0 1 1729 0 1 1729 0 1 1729 0 1 1729 0 1 1729 0 1 1729 0 1 1729 0 1 1729 0 1 1729 0 1 1729 0 1 1729 0 1 1729 0 1 1729 0 1 1729 0 1 1729 0 1 1729 0 1 1729 0 1 1729 0 1 1729 0 1 1729 0 1 1729 0 1 1729 0 1 1729 0 1 1729 0 1 1729 0 1 1729 0 1 1729 0 1 1729 0 1 1729 0 1 1729 0 1 1729 0 1 1729 0 1 1729 0 1 1729 0 1 1729 0 1 1729 0 1 1729 0 1 1729 0 1 1729 0 1 1729 0 1 1729 0 1 1729 0 1 1729 0 1 1729 0 1 1729 0 1 1729 0 1 1729 0 1 1729 0 1 1729 0 1 1729 0 1 1729 0 1 1729 0 1 1729 0 1 1729 0 1 1729 0 1 1729 0 1 1729 0 1 1729 0 1 1729 0 1 1729 0 1 1729 0 1 1729 0 1 1729 0 1 1729 0 1 1729 0 1 1729 0 1 1729 0 1 1729 0 1 1729 0 1 1729 0 1 1729 0 1 1729 0 1 1729 0 1 1729 0 1 1729 0 1 1729 0 1 1729 0 1 1729 0 1 1729 0 1 1729 0 1 1729 0 1 1729 0 1 1729 0 1 1729 0 1 1729 0 1 1729 0 1 1729 0 1 1729 0 1 1729 0 1 1729 0 1 1729 0 1 1729 0 1 1729 0 1 1729 0 1 1729 0 1 1729 0 1 1729 0 1 1729 0 1 1729 0 1 1729 0 1 1729 0 1 1729 0 1 1729 0 1 1729 0 1 1729 0 1 1729 0 1 1729 0
2
1 0 0 1 0 0 1 0 0 1 0 0 1 0 0 1 0 0 1 0 0 1 0 0 1 0 0 1 0 0 1 0 0 1 0 0 1 0 0 1 0 0 1 0 0 1 0 0 1 0 0 1 0 0 1 0 0 1 0 0 1 0 0 1 0 0 1 0 0 1 0 0 1 0 0 1 0 0 1 0 0 1 0 0 1 0 0 1 0 0 1 0 0 1 0 0 1 0 0 1 0 0 1 0 0 1 0 0 1 0 0 1 0 0 1 0 0 1 0 0 1 0 0 1 0 0 1 0 0 1 0 0 1 0 0 1 0 0 1 0 0 1 0 0 1 0 0 1 0 0 1 0 0 1 0 0 1 0 0 1 0 0 1 0 0 1 0 0 1 0 0 1 0 0 1 0 0 1 0 0 1 0 0 1 0 0 1 0 0 1 0 0 1 0 0 1 0 0 1 0 0 1 0 0 1 0 0 1 0 0 1 0 0 1 0 0 1 0 0 1 0 0 1 0 0 1 0 0 1 0 0 1 0 0 1 0 0 1 0 0 1 0 0 1 0 0 1 0 0 1 0 0 1 0 0 1 0 0 1 0 0 1 0 0 1 0 0 1 0 0 1 0 0 1 0 0 1 0 0 1 0 0 1 0 0 1 0 0 1 0 0 1 0 0 1 0 0 1 0 0 1 0 0 1 0 0 1 0 0 1 0 0 1 0 0 1 0 0 1 0 0 1 0 0 1 0 0 1 0 0 1 0 0 1 0 0 1 0 0 1 0 0 1 0 0 1 0 0 1 0 0 1 0 0 1 0 0 1 0 0 1 0 0 1 0 0 1 0 0 1 0 0 1 0 0 1 0 0 1 0 0 1 0 0 1 0 0 1 0 0 1 0 0 1 0 0 1 0 0 1 0 0 1 0 0 1 0 0 1 0 0 1 0 0 1 0 0 1 0 0 1 0 0 1 0 0 1 0 0 1 0 0 1 0 0 1 0 0 1 0 0 1 0 0 1 0 0 1 0 0 1 0 0 1 0 0 1 0 0 1 0 0 1 0 0 1 0 0 1 0 0 1 0 0 1 0 0 1 0 0 1 0 0 1 0 0 1 0 0 1 0 0 1 0 0 1 0 0 1 0 0 1 0 0 1 0 0 1 0 0 1 0 0 1 0 0 1 0 0 1 0 0 1 0 0 1 0 0 1 0 0 1 0 0 1 0 0 1 0 0 1 0 0 1 0 0 1 0 0 1 0 0 1 0 0 1 0 0 1 0 0 1 0 0 1 0 0 1 0 0 1 0 0 1 0 0
574
0 0 1 0 0 1 0 0 1 0 0 1 0 0 1 0 0 1 0 0 1 0 0 1 0 0 1 0 0 1 0 0 1 0 0 1 0 0 1 0 0 1 0 0 1 0 0 1 0 0 1 0 0 1 0 0 1 0 0 1 0 0 1 0 0 1 0 0 1 0 0 1 0 0 1 0 0 1 0 0 1 0 0 1 0 0 1 0 0 1 0 0 1 0 0 1 0 0 1 0 0 1 0 0 1 0 0 1 0 0 1 0 0 1 0 0 1 0 0 1 0 0 1 0 0 1 0 0 1 0 0 1 0 0 1 0 0 1 0 0 1 0 0 1 0 0 1 0 0 1 0 0 1 0 0 1 0 0 1 0 0 1 0 0 1 0 0 1 0 0 1 0 0 1 0 0 1 0 0 1 0 0 1 0 0 1 0 0 1 0 0 1 0 0 1 0 0 1 0 0 1 0 0 1 0 0 1 0 0 1 0 0 1 0 0 1 0 0 1 0 0 1 0 0 1 0 0 1 0 0 1 0 0 1 0 0 1 0 0 1 0 0 1 0 0 1 0 0 1 0 0 1 0 0 1 0 0 1 0 0 1 0 0 1 0 0 1 0 0 1 0 0 1 0 0 1 0 0 1 0 0 1 0 0 1 0 0 1 0 0 1 0 0 1 0 0 1 0 0 1 0 0 1 0 0 1 0 0 1 0 0 1 0 0 1 0 0 1 0 0 1 0 0 1 0 0 1 0 0 1 0 0 1 0 0 1 0 0 1 0 0 1 0 0 1 0 0 1 0 0 1 0 0 1 0 0 1 0 0 1 0 0 1 0 0 1 0 0 1 0 0 1 0 0 1 0 0 1 0 0 1 0 0 1 0 0 1 0 0 1 0 0 1 0 0 1 0 0 1 0 0 1 0 0 1 0 0 1 0 0 1 0 0 1 0 0 1 0 0 1 0 0 1 0 0 1 0 0 1 0 0 1 0 0 1 0 0 1 0 0 1 0 0 1 0 0 1 0 0 1 0 0 1 0 0 1 0 0 1 0 0 1 0 0 1 0 0 1 0 0 1 0 0 1 0 0 1 0 0 1 0 0 1 0 0 1 0 0 1 0 0 1 0 0 1 0 0 1 0 0 1 0 0 1 0 0 1 0 0 1 0 0 1 0 0 1 0 0 1 0 0 1 0 0 1 0 0 1 0 0 1 0 0 1 0 0 1 0 0 1 0 0 1 0 0 1 0 0 1 0 0 1 0 0 1 0 0 1 0 0 1 0 0 1 0 0 1 0 0 1 0 0 1 0 0 1
575
0 1 1729 0 1 1729 0 1 1729 0 1 1729 0 1 1729 0 1 1729 0 1 1729 0 1 1729 0 1 1729 0 1 1729 0 1 1729 0 1 1729 0 1 1729 0 1 1729 0 1 1729 0 1 1729 0 1 1729 0 1 1729 0 1 1729 0 1 1729 0 1 1729 0 1 1729 0 1 1729 0 1 1729 0 1 1729 0 1 1729 0 1 1729 0 1 1729 0 1 1729 0 1 1729 0 1 1729 0 1 1729 0 1 1729 0 1 1729 0 1 1729 0 1 1729 0 1 1729 0 1 1729 0 1 1729 0 1 1729 0 1 1729 0 1 1729 0 1 1729 0 1 1729 0 1 1729 0 1 1729 0 1 1729 0 1 1729 0 1 1729 0 1 1729 0 1 1729 0 1 1729 0 1 1729 0 1 1729 0 1 1729 0 1 1729 0 1 1729 0 1 1729 0 1 1729 0 1 1729 0 1 1729 0 1 1729 0 1 1729 0 1 1729 0 1 1729 0 1 1729 0 1 1729 0 1 1729 0 1 1729 0 1 1729 0 1 1729 0 1 1729 0 1 1729 0 1 1729 0 1 1729 0 1 1729 0 1 1729 0 1 1729 0 1 1729 0 1 1729 0 1 1729 0 1 1729 0 1 1729 0 1 1729 0 1 1729 0 1 1729 0 1 1729 0 1 1729 0 1 1729 0 1 1729 0 1 1729 0 1 1729 0 1 1729 0 1 1729 0 1 1729 0 1 1729 0 1 1729 0 1 1729 0 1 1729 0 1 1729 0 1 1729 0 1 1729 0 1 1729 0 1 1729 0 1 1729 0 1 1729 0 1 1729 0 1 1729 0 1 1729 0 1 1729 0 1 1729 0 1 1729 0 1 1729 0 1 1729 0 1 1729 0 1 1729 0 1 1729 0 1 1729 0 1 1729 0 1 1729 0 1 1729 0 1 1729 0 1 1729 0 1 1729 0 1 1729 0 1 1729 0 1 1729 0 1 1729 0 1 1729 0 1 1729 0 1 1729 0 1 1729 0 1 1729 0 1 1729 0 1 1729 0 1 1729 0 1 1729 0 1 1729 0 1 1729 0 1 1729 0 1 1729 0 1 1729 0 1 1729 0 1 1729 0 1 1729 0 1 1729 0 1 1729 0 1 1729 0 1 1729 0 1 1729 0 1 1729 0 1 1729 0 1 1729 0 1 1729 0 1 1729 0 1 1729 0 1 1729 0 1 1729 0 1 1729 0 1 1729 0 1 1729 0 1 1729 0 1 1729 0 1 1729 0 1 1729 0 1 1729 0 1 1729 0 1 1729 0 1 1729 0 1 1729 0 1 1729 0 1 1729 0 1 1729 0 1 1729 0 1 1729 0 1 1729 0 1 1729 0 1 1729 0 1 1729 0 1 1729 0 1 1729 0 1 1729 0 1 1729 0 1 1729 0 1 1729 0 1 1729 0 1 1729 0 1 1729 0 1 1729 0 1 1729 0 1 1729 0 1 1729
0 192 384 64 256 448 128 320 512 16 208 400 80 272 464 144 336 528 32 224 416 96 288 480 160 352 544 48 240 432 112 304 496 176 368 560 4 196 388 68 260 452 132 324 516 20 212 404 84 276 468 148 340 532 36 228 420 100 292 484 164 356 548 52 244 436 116 308 500 180 372 564 8 200 392 72 264 456 136 328 520 24 216 408 88 280 472 152 344 536 40 232 424 104 296 488 168 360 552 56 248 440 120 312 504 184 376 568 12 204 396 76 268 460 140 332 524 28 220 412 92 284 476 156 348 540 44 236 428 108 300 492 172 364 556 60 252 444 124 316 508 188 380 572 1 193 385 65 257 449 129 321 513 17 209 401 81 273 465 145 337 529 33 225 417 97 289 481 161 353 545 49 241 433 113 305 497 177 369 561 5 197 389 69 261 453 133 325 517 21 213 405 85 277 469 149 341 533 37 229 421 101 293 485 165 357 549 53 245 437 117 309 501 181 373 565 9 201 393 73 265 457 137 329 521 25 217 409 89 281 473 153 345 537 41 233 425 105 297 489 169 361 553 57 249 441 121 313 505 185 377 569 13 205 397 77 269 461 141 333 525 29 221 413 93 285 477 157 349 541 45 237 429 109 301 493 173 365 557 61 253 445 125 317 509 189 381 573 2 194 386 66 258 450 130 322 514 18 210 402 82 274 466 146 338 530 34 226 418 98 290 482 162 354 546 50 242 434 114 306 498 178 370 562 6 198 390 70 262 454 134 326 518 22 214 406 86 278 470 150 342 534 38 230 422 102 294 486 166 358 550 54 246 438 118 310 502 182 374 566 10 202 394 74 266 458 138 330 522 26 218 410 90 282 474 154 346 538 42 234 426 106 298 490 170 362 554 58 250 442 122 314 506 186 378 570 14 206 398 78 270 462 142 334 526 30 222 414 94 286 478 158 350 542 46 238 430 110 302 494 174 366 558 62 254 446 126 318 510 190 382 574 3 195 387 67 259 451 131 323 515 19 211 403 83 275 467 147 339 531 35 227 419 99 291 483 163 355 547 51 243 435 115 307 499 179 371 563 7 199 391 71 263 455 135 327 519 23 215 407 87 279 471 151 343 535 39 231 423 103 295 487 167 359 551 55 247 439 119 311 503 183 375 567 11 203 395 75 267 459 139 331 523 27 219 411 91 283 475 155 347 539 43 235 427 107 299 491 171 363 555 59 251 443 123 315 507 187 379 571 15 207 399 79 271 463 143 335 527 31 223 415 95 287 479 159 351 543 47 239 431 111 303 495 175 367 559 63 255 447 127 319 511 191 383 575
