199873 288 197878
5
4
0
1 1 1 1 1 1 1 1 1 1 1 1 1 1 1 1 1 1 1 1 1 1 1 1 1 1 1 1 1 1 1 1 1 1 1 1 1 1 1 1 1 1 1 1 1 1 1 1 1 1 1 1 1 1 1 1 1 1 1 1 1 1 1 1 1 1 1 1 1 1 1 1 174833 186423 49768 49721 143486 163439 131931 30396 121372 108936 134504 93959 32669 183816 54035 131595 101097 183215 53792 16761 140469 186164 166727 168180 67667 118483 76174 136223 62395 42854 51914 165657 104227 134928 47571 35530 72565 140750 25315 64444 152432 104866 59361 99494 183232 19877 120112 24287 116574 87042 40847 58419 179927 17543 179363 143358 19053 165008 199744 57482 50512 164425 163591 28564 178498 70176 109853 103946 95904 149854 51278 35366 1 182438 172265 51296 85915 120110 151444 96063 77335 7533 178579 96729 58259 8921 163432 152441 102319 134633 182030 90317 122472 143812 44565 115449 67668 58739 34787 103210 190142 167681 24136 121378 29894 66894 161938 16968 174833 49768 143486 131931 121372 134504 32669 54035 101097 53792 140469 166727 67667 76174 62395 51914 104227 47571 72565 25315 152432 59361 183232 120112 116574 40847 179927 179363 19053 199744 50512 163591 178498 109853 95904 51278 174833 49721 131931 108936 32669 131595 53792 186164 67667 136223 51914 134928 72565 64444 59361 19877 116574 58419 179363 165008 50512 28564 109853 149854 199872 194950 148577 109264 48429 167351 192340 91419 141614 8698 47432 56072 17843 96842 56061 163563 132205 58727 96663 174209 175737 102907 132979 71542 25040 150152 67942 90937 167204 68278 146081 13709 132206 63650 147959 64945 127308 135429 140512 179996 83299 141454 20510 34865 149361 171309 90020 50019
72
1 1 1 1 1 1 1 1 1 1 1 1 1 1 1 1 1 1 1 1 1 1 1 1 1 1 1 1 1 1 1 1 1 1 1 1 1 1 1 1 1 1 1 1 1 1 1 1 1 1 1 1 1 1 1 1 1 1 1 1 1 1 1 1 1 1 1 1 1 1 1 1 199872 1995 17435 194950 27608 86988 148577 544 113958 109264 79763 171596 48429 122677 103810 167351 122538 181242 192340 37860 21294 91419 103144 96910 141614 100492 190952 8698 36441 53977 47432 112962 97554 56072 65240 163396 17843 180482 109556 96842 77401 86834 56061 87185 155308 163563 84424 67059 132205 83385 141134 58727 165086 44134 96663 34760 9731 174209 32192 136066 175737 181800 78495 102907 169979 76376 132979 138239 37935 71542 182905 72623 199872 17435 27608 148577 113958 79763 48429 103810 122538 192340 21294 103144 141614 190952 36441 47432 97554 65240 17843 109556 77401 56061 155308 84424 132205 141134 165086 96663 9731 32192 175737 78495 169979 132979 37935 182905 25040 150105 56387 67942 78501 65369 167204 145838 98776 146081 59404 33146 132206 123699 137478 147959 95646 152302 127308 174558 47441 140512 16641 79761 83299 159026 19946 20510 180820 129 149361 36282 21375 90020 103969 148595 1 4923 51296 90609 151444 32522 7533 108454 58259 191175 152441 143801 182030 103031 143812 36310 67668 141146 103210 25664 24136 96966 66894 128331 174833 49721 131931 108936 32669 131595 53792 186164 67667 136223 51914 134928 72565 64444 59361 19877 116574 58419 179363 165008 50512 28564 109853 149854 199872 194950 148577 109264 48429 167351 192340 91419 141614 8698 47432 56072 17843 96842 56061 163563 132205 58727 96663 174209 175737 102907 132979 71542
144
1 1 1 1 1 1 1 1 1 1 1 1 1 1 1 1 1 1 1 1 1 1 1 1 1 1 1 1 1 1 1 1 1 1 1 1 1 1 1 1 1 1 1 1 1 1 1 1 1 1 1 1 1 1 1 1 1 1 1 1 1 1 1 1 1 1 1 1 1 1 1 1 25040 13450 150105 150152 56387 36434 67942 169477 78501 90937 65369 105914 167204 16057 145838 68278 98776 16658 146081 183112 59404 13709 33146 31693 132206 81390 123699 63650 137478 157019 147959 34216 95646 64945 152302 164343 127308 59123 174558 135429 47441 95007 140512 100379 16641 179996 79761 175586 83299 112831 159026 141454 19946 182330 20510 56515 180820 34865 129 142391 149361 35448 36282 171309 21375 129697 90020 95927 103969 50019 148595 164507 1 182438 172265 51296 85915 120110 151444 96063 77335 7533 178579 96729 58259 8921 163432 152441 102319 134633 182030 90317 122472 143812 44565 115449 67668 58739 34787 103210 190142 167681 24136 121378 29894 66894 161938 16968 174833 49768 143486 131931 121372 134504 32669 54035 101097 53792 140469 166727 67667 76174 62395 51914 104227 47571 72565 25315 152432 59361 183232 120112 116574 40847 179927 179363 19053 199744 50512 163591 178498 109853 95904 51278 25040 150152 67942 90937 167204 68278 146081 13709 132206 63650 147959 64945 127308 135429 140512 179996 83299 141454 20510 34865 149361 171309 90020 50019 1 4923 51296 90609 151444 32522 7533 108454 58259 191175 152441 143801 182030 103031 143812 36310 67668 141146 103210 25664 24136 96966 66894 128331 174833 49721 131931 108936 32669 131595 53792 186164 67667 136223 51914 134928 72565 64444 59361 19877 116574 58419 179363 165008 50512 28564 109853 149854
216
1 1 1 1 1 1 1 1 1 1 1 1 1 1 1 1 1 1 1 1 1 1 1 1 1 1 1 1 1 1 1 1 1 1 1 1 1 1 1 1 1 1 1 1 1 1 1 1 1 1 1 1 1 1 1 1 1 1 1 1 1 1 1 1 1 1 1 1 1 1 1 1 1 197878 182438 4923 172265 112885 51296 199329 85915 90609 120110 28277 151444 77196 96063 32522 77335 18631 7533 162013 178579 108454 96729 102963 58259 99381 8921 191175 163432 145896 152441 86911 102319 143801 134633 36477 182030 19391 90317 103031 122472 113039 143812 112688 44565 36310 115449 132814 67668 116488 58739 141146 34787 155739 103210 165113 190142 25664 167681 63807 24136 18073 121378 96966 29894 123497 66894 61634 161938 128331 16968 127250 199872 17435 27608 148577 113958 79763 48429 103810 122538 192340 21294 103144 141614 190952 36441 47432 97554 65240 17843 109556 77401 56061 155308 84424 132205 141134 165086 96663 9731 32192 175737 78495 169979 132979 37935 182905 25040 150105 56387 67942 78501 65369 167204 145838 98776 146081 59404 33146 132206 123699 137478 147959 95646 152302 127308 174558 47441 140512 16641 79761 83299 159026 19946 20510 180820 129 149361 36282 21375 90020 103969 148595 199872 194950 148577 109264 48429 167351 192340 91419 141614 8698 47432 56072 17843 96842 56061 163563 132205 58727 96663 174209 175737 102907 132979 71542 25040 150152 67942 90937 167204 68278 146081 13709 132206 63650 147959 64945 127308 135429 140512 179996 83299 141454 20510 34865 149361 171309 90020 50019 1 4923 51296 90609 151444 32522 7533 108454 58259 191175 152441 143801 182030 103031 143812 36310 67668 141146 103210 25664 24136 96966 66894 128331
7
0
1 1 1 1 1 1 1 1 1 1 1 1 1 1 1 1 1 1 174833 143486 121372 32669 101097 140469 67667 62395 104227 72565 152432 183232 116574 179927 19053 50512 178498 95904 1 85915 77335 58259 102319 122472 67668 190142 29894 174833 121372 101097 67667 104227 152432 116574 19053 178498 174833 32669 67667 72565 116574 50512 199872 48429 141614 17843 132205 175737 25040 167204 132206 127308 83299 149361 1 1 1 1 1 1 1 1 1 1 1 1 1 1 1 1 1 1 174833 143486 121372 32669 101097 140469 67667 62395 104227 72565 152432 183232 116574 179927 19053 50512 178498 95904 1 85915 77335 58259 102319 122472 67668 190142 29894 174833 121372 101097 67667 104227 152432 116574 19053 178498 174833 32669 67667 72565 116574 50512 199872 48429 141614 17843 132205 175737 25040 167204 132206 127308 83299 149361 1 1 1 1 1 1 1 1 1 1 1 1 1 1 1 1 1 1 174833 143486 121372 32669 101097 140469 67667 62395 104227 72565 152432 183232 116574 179927 19053 50512 178498 95904 1 85915 77335 58259 102319 122472 67668 190142 29894 174833 121372 101097 67667 104227 152432 116574 19053 178498 174833 32669 67667 72565 116574 50512 199872 48429 141614 17843 132205 175737 25040 167204 132206 127308 83299 149361 1 1 1 1 1 1 1 1 1 1 1 1 1 1 1 1 1 1 174833 143486 121372 32669 101097 140469 67667 62395 104227 72565 152432 183232 116574 179927 19053 50512 178498 95904 1 85915 77335 58259 102319 122472 67668 190142 29894 174833 121372 101097 67667 104227 152432 116574 19053 178498 174833 32669 67667 72565 116574 50512 199872 48429 141614 17843 132205 175737 25040 167204 132206 127308 83299 149361
18
1 1 1 1 1 1 1 1 1 1 1 1 1 1 1 1 1 1 199872 27608 113958 48429 122538 21294 141614 36441 97554 17843 77401 155308 132205 165086 9731 175737 169979 37935 199872 113958 122538 141614 97554 77401 132205 9731 169979 25040 78501 98776 132206 95646 47441 83299 180820 21375 0 0 0 0 0 0 0 0 0 0 0 0 0 0 0 0 0 0 1 1 1 1 1 1 1 1 1 1 1 1 1 1 1 1 1 1 199872 27608 113958 48429 122538 21294 141614 36441 97554 17843 77401 155308 132205 165086 9731 175737 169979 37935 199872 113958 122538 141614 97554 77401 132205 9731 169979 25040 78501 98776 132206 95646 47441 83299 180820 21375 0 0 0 0 0 0 0 0 0 0 0 0 0 0 0 0 0 0 1 1 1 1 1 1 1 1 1 1 1 1 1 1 1 1 1 1 199872 27608 113958 48429 122538 21294 141614 36441 97554 17843 77401 155308 132205 165086 9731 175737 169979 37935 199872 113958 122538 141614 97554 77401 132205 9731 169979 25040 78501 98776 132206 95646 47441 83299 180820 21375 0 0 0 0 0 0 0 0 0 0 0 0 0 0 0 0 0 0 1 1 1 1 1 1 1 1 1 1 1 1 1 1 1 1 1 1 199872 27608 113958 48429 122538 21294 141614 36441 97554 17843 77401 155308 132205 165086 9731 175737 169979 37935 199872 113958 122538 141614 97554 77401 132205 9731 169979 25040 78501 98776 132206 95646 47441 83299 180820 21375 0 0 0 0 0 0 0 0 0 0 0 0 0 0 0 0 0 0
36
1 1 1 1 1 1 1 1 1 1 1 1 1 1 1 1 1 1 25040 56387 78501 167204 98776 59404 132206 137478 95646 127308 47441 16641 83299 19946 180820 149361 21375 103969 0 0 0 0 0 0 0 0 0 0 0 0 0 0 0 0 0 0 0 0 0 0 0 0 0 0 0 0 0 0 0 0 0 0 0 0 1 1 1 1 1 1 1 1 1 1 1 1 1 1 1 1 1 1 25040 56387 78501 167204 98776 59404 132206 137478 95646 127308 47441 16641 83299 19946 180820 149361 21375 103969 0 0 0 0 0 0 0 0 0 0 0 0 0 0 0 0 0 0 0 0 0 0 0 0 0 0 0 0 0 0 0 0 0 0 0 0 1 1 1 1 1 1 1 1 1 1 1 1 1 1 1 1 1 1 25040 56387 78501 167204 98776 59404 132206 137478 95646 127308 47441 16641 83299 19946 180820 149361 21375 103969 0 0 0 0 0 0 0 0 0 0 0 0 0 0 0 0 0 0 0 0 0 0 0 0 0 0 0 0 0 0 0 0 0 0 0 0 1 1 1 1 1 1 1 1 1 1 1 1 1 1 1 1 1 1 25040 56387 78501 167204 98776 59404 132206 137478 95646 127308 47441 16641 83299 19946 180820 149361 21375 103969 0 0 0 0 0 0 0 0 0 0 0 0 0 0 0 0 0 0 0 0 0 0 0 0 0 0 0 0 0 0 0 0 0 0 0 0
54
1 1 1 1 1 1 1 1 1 1 1 1 1 1 1 1 1 1 0 0 0 0 0 0 0 0 0 0 0 0 0 0 0 0 0 0 0 0 0 0 0 0 0 0 0 0 0 0 0 0 0 0 0 0 0 0 0 0 0 0 0 0 0 0 0 0 0 0 0 0 0 0 1 1 1 1 1 1 1 1 1 1 1 1 1 1 1 1 1 1 0 0 0 0 0 0 0 0 0 0 0 0 0 0 0 0 0 0 0 0 0 0 0 0 0 0 0 0 0 0 0 0 0 0 0 0 0 0 0 0 0 0 0 0 0 0 0 0 0 0 0 0 0 0 1 1 1 1 1 1 1 1 1 1 1 1 1 1 1 1 1 1 0 0 0 0 0 0 0 0 0 0 0 0 0 0 0 0 0 0 0 0 0 0 0 0 0 0 0 0 0 0 0 0 0 0 0 0 0 0 0 0 0 0 0 0 0 0 0 0 0 0 0 0 0 0 1 1 1 1 1 1 1 1 1 1 1 1 1 1 1 1 1 1 0 0 0 0 0 0 0 0 0 0 0 0 0 0 0 0 0 0 0 0 0 0 0 0 0 0 0 0 0 0 0 0 0 0 0 0 0 0 0 0 0 0 0 0 0 0 0 0 0 0 0 0 0 0
234
0 0 0 0 0 0 0 0 0 0 0 0 0 0 0 0 0 0 0 0 0 0 0 0 0 0 0 0 0 0 0 0 0 0 0 0 0 0 0 0 0 0 0 0 0 0 0 0 0 0 0 0 0 0 1 151444 58259 182030 67668 24136 174833 32669 67667 72565 116574 50512 199872 48429 141614 17843 132205 175737 0 0 0 0 0 0 0 0 0 0 0 0 0 0 0 0 0 0 0 0 0 0 0 0 0 0 0 0 0 0 0 0 0 0 0 0 0 0 0 0 0 0 0 0 0 0 0 0 0 0 0 0 0 0 1 151444 58259 182030 67668 24136 174833 32669 67667 72565 116574 50512 199872 48429 141614 17843 132205 175737 0 0 0 0 0 0 0 0 0 0 0 0 0 0 0 0 0 0 0 0 0 0 0 0 0 0 0 0 0 0 0 0 0 0 0 0 0 0 0 0 0 0 0 0 0 0 0 0 0 0 0 0 0 0 1 151444 58259 182030 67668 24136 174833 32669 67667 72565 116574 50512 199872 48429 141614 17843 132205 175737 0 0 0 0 0 0 0 0 0 0 0 0 0 0 0 0 0 0 0 0 0 0 0 0 0 0 0 0 0 0 0 0 0 0 0 0 0 0 0 0 0 0 0 0 0 0 0 0 0 0 0 0 0 0 1 151444 58259 182030 67668 24136 174833 32669 67667 72565 116574 50512 199872 48429 141614 17843 132205 175737
252
0 0 0 0 0 0 0 0 0 0 0 0 0 0 0 0 0 0 0 0 0 0 0 0 0 0 0 0 0 0 0 0 0 0 0 0 1 85915 77335 58259 102319 122472 67668 190142 29894 174833 121372 101097 67667 104227 152432 116574 19053 178498 25040 167204 132206 127308 83299 149361 1 151444 58259 182030 67668 24136 174833 32669 67667 72565 116574 50512 0 0 0 0 0 0 0 0 0 0 0 0 0 0 0 0 0 0 0 0 0 0 0 0 0 0 0 0 0 0 0 0 0 0 0 0 1 85915 77335 58259 102319 122472 67668 190142 29894 174833 121372 101097 67667 104227 152432 116574 19053 178498 25040 167204 132206 127308 83299 149361 1 151444 58259 182030 67668 24136 174833 32669 67667 72565 116574 50512 0 0 0 0 0 0 0 0 0 0 0 0 0 0 0 0 0 0 0 0 0 0 0 0 0 0 0 0 0 0 0 0 0 0 0 0 1 85915 77335 58259 102319 122472 67668 190142 29894 174833 121372 101097 67667 104227 152432 116574 19053 178498 25040 167204 132206 127308 83299 149361 1 151444 58259 182030 67668 24136 174833 32669 67667 72565 116574 50512 0 0 0 0 0 0 0 0 0 0 0 0 0 0 0 0 0 0 0 0 0 0 0 0 0 0 0 0 0 0 0 0 0 0 0 0 1 85915 77335 58259 102319 122472 67668 190142 29894 174833 121372 101097 67667 104227 152432 116574 19053 178498 25040 167204 132206 127308 83299 149361 1 151444 58259 182030 67668 24136 174833 32669 67667 72565 116574 50512
270
0 0 0 0 0 0 0 0 0 0 0 0 0 0 0 0 0 0 1 172265 85915 151444 77335 178579 58259 163432 102319 182030 122472 44565 67668 34787 190142 24136 29894 161938 199872 113958 122538 141614 97554 77401 132205 9731 169979 25040 78501 98776 132206 95646 47441 83299 180820 21375 199872 48429 141614 17843 132205 175737 25040 167204 132206 127308 83299 149361 1 151444 58259 182030 67668 24136 0 0 0 0 0 0 0 0 0 0 0 0 0 0 0 0 0 0 1 172265 85915 151444 77335 178579 58259 163432 102319 182030 122472 44565 67668 34787 190142 24136 29894 161938 199872 113958 122538 141614 97554 77401 132205 9731 169979 25040 78501 98776 132206 95646 47441 83299 180820 21375 199872 48429 141614 17843 132205 175737 25040 167204 132206 127308 83299 149361 1 151444 58259 182030 67668 24136 0 0 0 0 0 0 0 0 0 0 0 0 0 0 0 0 0 0 1 172265 85915 151444 77335 178579 58259 163432 102319 182030 122472 44565 67668 34787 190142 24136 29894 161938 199872 113958 122538 141614 97554 77401 132205 9731 169979 25040 78501 98776 132206 95646 47441 83299 180820 21375 199872 48429 141614 17843 132205 175737 25040 167204 132206 127308 83299 149361 1 151444 58259 182030 67668 24136 0 0 0 0 0 0 0 0 0 0 0 0 0 0 0 0 0 0 1 172265 85915 151444 77335 178579 58259 163432 102319 182030 122472 44565 67668 34787 190142 24136 29894 161938 199872 113958 122538 141614 97554 77401 132205 9731 169979 25040 78501 98776 132206 95646 47441 83299 180820 21375 199872 48429 141614 17843 132205 175737 25040 167204 132206 127308 83299 149361 1 151444 58259 182030 67668 24136
3
0
1 1 1 1 1 1 1 1 1 199872 122538 97554 132205 169979 78501 132206 47441 180820 1 1 1 1 1 1 1 1 1 199872 122538 97554 132205 169979 78501 132206 47441 180820 1 1 1 1 1 1 1 1 1 199872 122538 97554 132205 169979 78501 132206 47441 180820 1 1 1 1 1 1 1 1 1 199872 122538 97554 132205 169979 78501 132206 47441 180820 1 1 1 1 1 1 1 1 1 199872 122538 97554 132205 169979 78501 132206 47441 180820 1 1 1 1 1 1 1 1 1 199872 122538 97554 132205 169979 78501 132206 47441 180820 1 1 1 1 1 1 1 1 1 199872 122538 97554 132205 169979 78501 132206 47441 180820 1 1 1 1 1 1 1 1 1 199872 122538 97554 132205 169979 78501 132206 47441 180820 1 1 1 1 1 1 1 1 1 199872 122538 97554 132205 169979 78501 132206 47441 180820 1 1 1 1 1 1 1 1 1 199872 122538 97554 132205 169979 78501 132206 47441 180820 1 1 1 1 1 1 1 1 1 199872 122538 97554 132205 169979 78501 132206 47441 180820 1 1 1 1 1 1 1 1 1 199872 122538 97554 132205 169979 78501 132206 47441 180820 1 1 1 1 1 1 1 1 1 199872 122538 97554 132205 169979 78501 132206 47441 180820 1 1 1 1 1 1 1 1 1 199872 122538 97554 132205 169979 78501 132206 47441 180820 1 1 1 1 1 1 1 1 1 199872 122538 97554 132205 169979 78501 132206 47441 180820 1 1 1 1 1 1 1 1 1 199872 122538 97554 132205 169979 78501 132206 47441 180820
9
1 1 1 1 1 1 1 1 1 0 0 0 0 0 0 0 0 0 1 1 1 1 1 1 1 1 1 0 0 0 0 0 0 0 0 0 1 1 1 1 1 1 1 1 1 0 0 0 0 0 0 0 0 0 1 1 1 1 1 1 1 1 1 0 0 0 0 0 0 0 0 0 1 1 1 1 1 1 1 1 1 0 0 0 0 0 0 0 0 0 1 1 1 1 1 1 1 1 1 0 0 0 0 0 0 0 0 0 1 1 1 1 1 1 1 1 1 0 0 0 0 0 0 0 0 0 1 1 1 1 1 1 1 1 1 0 0 0 0 0 0 0 0 0 1 1 1 1 1 1 1 1 1 0 0 0 0 0 0 0 0 0 1 1 1 1 1 1 1 1 1 0 0 0 0 0 0 0 0 0 1 1 1 1 1 1 1 1 1 0 0 0 0 0 0 0 0 0 1 1 1 1 1 1 1 1 1 0 0 0 0 0 0 0 0 0 1 1 1 1 1 1 1 1 1 0 0 0 0 0 0 0 0 0 1 1 1 1 1 1 1 1 1 0 0 0 0 0 0 0 0 0 1 1 1 1 1 1 1 1 1 0 0 0 0 0 0 0 0 0 1 1 1 1 1 1 1 1 1 0 0 0 0 0 0 0 0 0
279
0 0 0 0 0 0 0 0 0 1 77335 102319 67668 29894 121372 67667 152432 19053 0 0 0 0 0 0 0 0 0 1 77335 102319 67668 29894 121372 67667 152432 19053 0 0 0 0 0 0 0 0 0 1 77335 102319 67668 29894 121372 67667 152432 19053 0 0 0 0 0 0 0 0 0 1 77335 102319 67668 29894 121372 67667 152432 19053 0 0 0 0 0 0 0 0 0 1 77335 102319 67668 29894 121372 67667 152432 19053 0 0 0 0 0 0 0 0 0 1 77335 102319 67668 29894 121372 67667 152432 19053 0 0 0 0 0 0 0 0 0 1 77335 102319 67668 29894 121372 67667 152432 19053 0 0 0 0 0 0 0 0 0 1 77335 102319 67668 29894 121372 67667 152432 19053 0 0 0 0 0 0 0 0 0 1 77335 102319 67668 29894 121372 67667 152432 19053 0 0 0 0 0 0 0 0 0 1 77335 102319 67668 29894 121372 67667 152432 19053 0 0 0 0 0 0 0 0 0 1 77335 102319 67668 29894 121372 67667 152432 19053 0 0 0 0 0 0 0 0 0 1 77335 102319 67668 29894 121372 67667 152432 19053 0 0 0 0 0 0 0 0 0 1 77335 102319 67668 29894 121372 67667 152432 19053 0 0 0 0 0 0 0 0 0 1 77335 102319 67668 29894 121372 67667 152432 19053 0 0 0 0 0 0 0 0 0 1 77335 102319 67668 29894 121372 67667 152432 19053 0 0 0 0 0 0 0 0 0 1 77335 102319 67668 29894 121372 67667 152432 19053
5
0
1 1 1 67667 19053 122538 67667 122538 78501 1 1 1 67667 19053 122538 67667 122538 78501 1 1 1 67667 19053 122538 67667 122538 78501 1 1 1 67667 19053 122538 67667 122538 78501 1 1 1 67667 19053 122538 67667 122538 78501 1 1 1 67667 19053 122538 67667 122538 78501 1 1 1 67667 19053 122538 67667 122538 78501 1 1 1 67667 19053 122538 67667 122538 78501 1 1 1 67667 19053 122538 67667 122538 78501 1 1 1 67667 19053 122538 67667 122538 78501 1 1 1 67667 19053 122538 67667 122538 78501 1 1 1 67667 19053 122538 67667 122538 78501 1 1 1 67667 19053 122538 67667 122538 78501 1 1 1 67667 19053 122538 67667 122538 78501 1 1 1 67667 19053 122538 67667 122538 78501 1 1 1 67667 19053 122538 67667 122538 78501 1 1 1 67667 19053 122538 67667 122538 78501 1 1 1 67667 19053 122538 67667 122538 78501 1 1 1 67667 19053 122538 67667 122538 78501 1 1 1 67667 19053 122538 67667 122538 78501 1 1 1 67667 19053 122538 67667 122538 78501 1 1 1 67667 19053 122538 67667 122538 78501 1 1 1 67667 19053 122538 67667 122538 78501 1 1 1 67667 19053 122538 67667 122538 78501 1 1 1 67667 19053 122538 67667 122538 78501 1 1 1 67667 19053 122538 67667 122538 78501 1 1 1 67667 19053 122538 67667 122538 78501 1 1 1 67667 19053 122538 67667 122538 78501 1 1 1 67667 19053 122538 67667 122538 78501 1 1 1 67667 19053 122538 67667 122538 78501 1 1 1 67667 19053 122538 67667 122538 78501 1 1 1 67667 19053 122538 67667 122538 78501
3
1 1 1 132205 78501 47441 0 0 0 1 1 1 132205 78501 47441 0 0 0 1 1 1 132205 78501 47441 0 0 0 1 1 1 132205 78501 47441 0 0 0 1 1 1 132205 78501 47441 0 0 0 1 1 1 132205 78501 47441 0 0 0 1 1 1 132205 78501 47441 0 0 0 1 1 1 132205 78501 47441 0 0 0 1 1 1 132205 78501 47441 0 0 0 1 1 1 132205 78501 47441 0 0 0 1 1 1 132205 78501 47441 0 0 0 1 1 1 132205 78501 47441 0 0 0 1 1 1 132205 78501 47441 0 0 0 1 1 1 132205 78501 47441 0 0 0 1 1 1 132205 78501 47441 0 0 0 1 1 1 132205 78501 47441 0 0 0 1 1 1 132205 78501 47441 0 0 0 1 1 1 132205 78501 47441 0 0 0 1 1 1 132205 78501 47441 0 0 0 1 1 1 132205 78501 47441 0 0 0 1 1 1 132205 78501 47441 0 0 0 1 1 1 132205 78501 47441 0 0 0 1 1 1 132205 78501 47441 0 0 0 1 1 1 132205 78501 47441 0 0 0 1 1 1 132205 78501 47441 0 0 0 1 1 1 132205 78501 47441 0 0 0 1 1 1 132205 78501 47441 0 0 0 1 1 1 132205 78501 47441 0 0 0 1 1 1 132205 78501 47441 0 0 0 1 1 1 132205 78501 47441 0 0 0 1 1 1 132205 78501 47441 0 0 0 1 1 1 132205 78501 47441 0 0 0
6
1 1 1 0 0 0 0 0 0 1 1 1 0 0 0 0 0 0 1 1 1 0 0 0 0 0 0 1 1 1 0 0 0 0 0 0 1 1 1 0 0 0 0 0 0 1 1 1 0 0 0 0 0 0 1 1 1 0 0 0 0 0 0 1 1 1 0 0 0 0 0 0 1 1 1 0 0 0 0 0 0 1 1 1 0 0 0 0 0 0 1 1 1 0 0 0 0 0 0 1 1 1 0 0 0 0 0 0 1 1 1 0 0 0 0 0 0 1 1 1 0 0 0 0 0 0 1 1 1 0 0 0 0 0 0 1 1 1 0 0 0 0 0 0 1 1 1 0 0 0 0 0 0 1 1 1 0 0 0 0 0 0 1 1 1 0 0 0 0 0 0 1 1 1 0 0 0 0 0 0 1 1 1 0 0 0 0 0 0 1 1 1 0 0 0 0 0 0 1 1 1 0 0 0 0 0 0 1 1 1 0 0 0 0 0 0 1 1 1 0 0 0 0 0 0 1 1 1 0 0 0 0 0 0 1 1 1 0 0 0 0 0 0 1 1 1 0 0 0 0 0 0 1 1 1 0 0 0 0 0 0 1 1 1 0 0 0 0 0 0 1 1 1 0 0 0 0 0 0 1 1 1 0 0 0 0 0 0
282
0 0 0 0 0 0 1 29894 19053 0 0 0 0 0 0 1 29894 19053 0 0 0 0 0 0 1 29894 19053 0 0 0 0 0 0 1 29894 19053 0 0 0 0 0 0 1 29894 19053 0 0 0 0 0 0 1 29894 19053 0 0 0 0 0 0 1 29894 19053 0 0 0 0 0 0 1 29894 19053 0 0 0 0 0 0 1 29894 19053 0 0 0 0 0 0 1 29894 19053 0 0 0 0 0 0 1 29894 19053 0 0 0 0 0 0 1 29894 19053 0 0 0 0 0 0 1 29894 19053 0 0 0 0 0 0 1 29894 19053 0 0 0 0 0 0 1 29894 19053 0 0 0 0 0 0 1 29894 19053 0 0 0 0 0 0 1 29894 19053 0 0 0 0 0 0 1 29894 19053 0 0 0 0 0 0 1 29894 19053 0 0 0 0 0 0 1 29894 19053 0 0 0 0 0 0 1 29894 19053 0 0 0 0 0 0 1 29894 19053 0 0 0 0 0 0 1 29894 19053 0 0 0 0 0 0 1 29894 19053 0 0 0 0 0 0 1 29894 19053 0 0 0 0 0 0 1 29894 19053 0 0 0 0 0 0 1 29894 19053 0 0 0 0 0 0 1 29894 19053 0 0 0 0 0 0 1 29894 19053 0 0 0 0 0 0 1 29894 19053 0 0 0 0 0 0 1 29894 19053 0 0 0 0 0 0 1 29894 19053
285
0 0 0 1 102319 29894 132205 47441 102319 0 0 0 1 102319 29894 132205 47441 102319 0 0 0 1 102319 29894 132205 47441 102319 0 0 0 1 102319 29894 132205 47441 102319 0 0 0 1 102319 29894 132205 47441 102319 0 0 0 1 102319 29894 132205 47441 102319 0 0 0 1 102319 29894 132205 47441 102319 0 0 0 1 102319 29894 132205 47441 102319 0 0 0 1 102319 29894 132205 47441 102319 0 0 0 1 102319 29894 132205 47441 102319 0 0 0 1 102319 29894 132205 47441 102319 0 0 0 1 102319 29894 132205 47441 102319 0 0 0 1 102319 29894 132205 47441 102319 0 0 0 1 102319 29894 132205 47441 102319 0 0 0 1 102319 29894 132205 47441 102319 0 0 0 1 102319 29894 132205 47441 102319 0 0 0 1 102319 29894 132205 47441 102319 0 0 0 1 102319 29894 132205 47441 102319 0 0 0 1 102319 29894 132205 47441 102319 0 0 0 1 102319 29894 132205 47441 102319 0 0 0 1 102319 29894 132205 47441 102319 0 0 0 1 102319 29894 132205 47441 102319 0 0 0 1 102319 29894 132205 47441 102319 0 0 0 1 102319 29894 132205 47441 102319 0 0 0 1 102319 29894 132205 47441 102319 0 0 0 1 102319 29894 132205 47441 102319 0 0 0 1 102319 29894 132205 47441 102319 0 0 0 1 102319 29894 132205 47441 102319 0 0 0 1 102319 29894 132205 47441 102319 0 0 0 1 102319 29894 132205 47441 102319 0 0 0 1 102319 29894 132205 47441 102319 0 0 0 1 102319 29894 132205 47441 102319
5
0
1 67667 67667 1 67667 67667 1 67667 67667 1 67667 67667 1 67667 67667 1 67667 67667 1 67667 67667 1 67667 67667 1 67667 67667 1 67667 67667 1 67667 67667 1 67667 67667 1 67667 67667 1 67667 67667 1 67667 67667 1 67667 67667 1 67667 67667 1 67667 67667 1 67667 67667 1 67667 67667 1 67667 67667 1 67667 67667 1 67667 67667 1 67667 67667 1 67667 67667 1 67667 67667 1 67667 67667 1 67667 67667 1 67667 67667 1 67667 67667 1 67667 67667 1 67667 67667 1 67667 67667 1 67667 67667 1 67667 67667 1 67667 67667 1 67667 67667 1 67667 67667 1 67667 67667 1 67667 67667 1 67667 67667 1 67667 67667 1 67667 67667 1 67667 67667 1 67667 67667 1 67667 67667 1 67667 67667 1 67667 67667 1 67667 67667 1 67667 67667 1 67667 67667 1 67667 67667 1 67667 67667 1 67667 67667 1 67667 67667 1 67667 67667 1 67667 67667 1 67667 67667 1 67667 67667 1 67667 67667 1 67667 67667 1 67667 67667 1 67667 67667 1 67667 67667 1 67667 67667 1 67667 67667 1 67667 67667 1 67667 67667 1 67667 67667 1 67667 67667 1 67667 67667 1 67667 67667 1 67667 67667 1 67667 67667 1 67667 67667 1 67667 67667 1 67667 67667 1 67667 67667 1 67667 67667 1 67667 67667 1 67667 67667 1 67667 67667 1 67667 67667 1 67667 67667 1 67667 67667 1 67667 67667 1 67667 67667 1 67667 67667 1 67667 67667 1 67667 67667 1 67667 67667 1 67667 67667 1 67667 67667 1 67667 67667 1 67667 67667 1 67667 67667
1
1 132205 0 1 132205 0 1 132205 0 1 132205 0 1 132205 0 1 132205 0 1 132205 0 1 132205 0 1 132205 0 1 132205 0 1 132205 0 1 132205 0 1 132205 0 1 132205 0 1 132205 0 1 132205 0 1 132205 0 1 132205 0 1 132205 0 1 132205 0 1 132205 0 1 132205 0 1 132205 0 1 132205 0 1 132205 0 1 132205 0 1 132205 0 1 132205 0 1 132205 0 1 132205 0 1 132205 0 1 132205 0 1 132205 0 1 132205 0 1 132205 0 1 132205 0 1 132205 0 1 132205 0 1 132205 0 1 132205 0 1 132205 0 1 132205 0 1 132205 0 1 132205 0 1 132205 0 1 132205 0 1 132205 0 1 132205 0 1 132205 0 1 132205 0 1 132205 0 1 132205 0 1 132205 0 1 132205 0 1 132205 0 1 132205 0 1 132205 0 1 132205 0 1 132205 0 1 132205 0 1 132205 0 1 132205 0 1 132205 0 1 132205 0 1 132205 0 1 132205 0 1 132205 0 1 132205 0 1 132205 0 1 132205 0 1 132205 0 1 132205 0 1 132205 0 1 132205 0 1 132205 0 1 132205 0 1 132205 0 1 132205 0 1 132205 0 1 132205 0 1 132205 0 1 132205 0 1 132205 0 1 132205 0 1 132205 0 1 132205 0 1 132205 0 1 132205 0 1 132205 0 1 132205 0 1 132205 0 1 132205 0 1 132205 0 1 132205 0 1 132205 0 1 132205 0
2
1 0 0 1 0 0 1 0 0 1 0 0 1 0 0 1 0 0 1 0 0 1 0 0 1 0 0 1 0 0 1 0 0 1 0 0 1 0 0 1 0 0 1 0 0 1 0 0 1 0 0 1 0 0 1 0 0 1 0 0 1 0 0 1 0 0 1 0 0 1 0 0 1 0 0 1 0 0 1 0 0 1 0 0 1 0 0 1 0 0 1 0 0 1 0 0 1 0 0 1 0 0 1 0 0 1 0 0 1 0 0 1 0 0 1 0 0 1 0 0 1 0 0 1 0 0 1 0 0 1 0 0 1 0 0 1 0 0 1 0 0 1 0 0 1 0 0 1 0 0 1 0 0 1 0 0 1 0 0 1 0 0 1 0 0 1 0 0 1 0 0 1 0 0 1 0 0 1 0 0 1 0 0 1 0 0 1 0 0 1 0 0 1 0 0 1 0 0 1 0 0 1 0 0 1 0 0 1 0 0 1 0 0 1 0 0 1 0 0 1 0 0 1 0 0 1 0 0 1 0 0 1 0 0 1 0 0 1 0 0 1 0 0 1 0 0 1 0 0 1 0 0 1 0 0 1 0 0 1 0 0 1 0 0 1 0 0 1 0 0 1 0 0 1 0 0 1 0 0 1 0 0 1 0 0 1 0 0
286
0 0 1 0 0 1 0 0 1 0 0 1 0 0 1 0 0 1 0 0 1 0 0 1 0 0 1 0 0 1 0 0 1 0 0 1 0 0 1 0 0 1 0 0 1 0 0 1 0 0 1 0 0 1 0 0 1 0 0 1 0 0 1 0 0 1 0 0 1 0 0 1 0 0 1 0 0 1 0 0 1 0 0 1 0 0 1 0 0 1 0 0 1 0 0 1 0 0 1 0 0 1 0 0 1 0 0 1 0 0 1 0 0 1 0 0 1 0 0 1 0 0 1 0 0 1 0 0 1 0 0 1 0 0 1 0 0 1 0 0 1 0 0 1 0 0 1 0 0 1 0 0 1 0 0 1 0 0 1 0 0 1 0 0 1 0 0 1 0 0 1 0 0 1 0 0 1 0 0 1 0 0 1 0 0 1 0 0 1 0 0 1 0 0 1 0 0 1 0 0 1 0 0 1 0 0 1 0 0 1 0 0 1 0 0 1 0 0 1 0 0 1 0 0 1 0 0 1 0 0 1 0 0 1 0 0 1 0 0 1 0 0 1 0 0 1 0 0 1 0 0 1 0 0 1 0 0 1 0 0 1 0 0 1 0 0 1 0 0 1 0 0 1 0 0 1 0 0 1 0 0 1 0 0 1 0 0 1
287
0 1 132205 0 1 132205 0 1 132205 0 1 132205 0 1 132205 0 1 132205 0 1 132205 0 1 132205 0 1 132205 0 1 132205 0 1 132205 0 1 132205 0 1 132205 0 1 132205 0 1 132205 0 1 132205 0 1 132205 0 1 132205 0 1 132205 0 1 132205 0 1 132205 0 1 132205 0 1 132205 0 1 132205 0 1 132205 0 1 132205 0 1 132205 0 1 132205 0 1 132205 0 1 132205 0 1 132205 0 1 132205 0 1 132205 0 1 132205 0 1 132205 0 1 132205 0 1 132205 0 1 132205 0 1 132205 0 1 132205 0 1 132205 0 1 132205 0 1 132205 0 1 132205 0 1 132205 0 1 132205 0 1 132205 0 1 132205 0 1 132205 0 1 132205 0 1 132205 0 1 132205 0 1 132205 0 1 132205 0 1 132205 0 1 132205 0 1 132205 0 1 132205 0 1 132205 0 1 132205 0 1 132205 0 1 132205 0 1 132205 0 1 132205 0 1 132205 0 1 132205 0 1 132205 0 1 132205 0 1 132205 0 1 132205 0 1 132205 0 1 132205 0 1 132205 0 1 132205 0 1 132205 0 1 132205 0 1 132205 0 1 132205 0 1 132205 0 1 132205 0 1 132205 0 1 132205 0 1 132205 0 1 132205 0 1 132205 0 1 132205 0 1 132205 0 1 132205 0 1 132205 0 1 132205 0 1 132205 0 1 132205 0 1 132205 0 1 132205 0 1 132205 0 1 132205
0 96 192 32 128 224 64 160 256 16 112 208 48 144 240 80 176 272 4 100 196 36 132 228 68 164 260 20 116 212 52 148 244 84 180 276 8 104 200 40 136 232 72 168 264 24 120 216 56 152 248 88 184 280 12 108 204 44 140 236 76 172 268 28 124 220 60 156 252 92 188 284 1 97 193 33 129 225 65 161 257 17 113 209 49 145 241 81 177 273 5 101 197 37 133 229 69 165 261 21 117 213 53 149 245 85 181 277 9 105 201 41 137 233 73 169 265 25 121 217 57 153 249 89 185 281 13 109 205 45 141 237 77 173 269 29 125 221 61 157 253 93 189 285 2 98 194 34 130 226 66 162 258 18 114 210 50 146 242 82 178 274 6 102 198 38 134 230 70 166 262 22 118 214 54 150 246 86 182 278 10 106 202 42 138 234 74 170 266 26 122 218 58 154 250 90 186 282 14 110 206 46 142 238 78 174 270 30 126 222 62 158 254 94 190 286 3 99 195 35 131 227 67 163 259 19 115 211 51 147 243 83 179 275 7 103 199 39 135 231 71 167 263 23 119 215 55 151 247 87 183 279 11 107 203 43 139 235 75 171 267 27 123 219 59 155 251 91 187 283 15 111 207 47 143 239 79 175 271 31 127 223 63 159 255 95 191 287
