# Order-four cleaner polynomial P_A(X) for p=65537, A=256, B=17
# P_A(h*A + l) = l for all |h|,|l| <= 17
# A^2 = -1 mod p, inducing order-four character filter
# Degree: 1223
# Nonzero terms: 307
# Structure: P_A(X) = 32769*X + X^3 * Q(X^4)
# deg(Q) = 305, Q has 306 nonzero terms
#
# Format: degree coefficient (mod 65537)
# Only nonzero terms listed
#
1 32769
3 21468
7 17854
11 13974
15 49320
19 17968
23 56593
27 50904
31 30638
35 49291
39 1872
43 52991
47 33889
51 17694
55 26917
59 34803
63 48229
67 37965
71 32497
75 43561
79 10136
83 48672
87 3967
91 10292
95 27418
99 42757
103 40594
107 54746
111 12018
115 31897
119 6914
123 44953
127 57113
131 28455
135 3071
139 42764
143 7436
147 42288
151 20631
155 6959
159 53694
163 17544
167 40452
171 63774
175 42967
179 30245
183 33803
187 49661
191 55839
195 47098
199 25607
203 11600
207 25446
211 14262
215 22024
219 63605
223 30545
227 47812
231 41663
235 3973
239 33544
243 40325
247 1032
251 62203
255 44667
259 62815
263 23580
267 11351
271 21743
275 41693
279 14821
283 50761
287 16526
291 42530
295 37378
299 18889
303 42612
307 41881
311 16834
315 5357
319 50301
323 65031
327 47345
331 25517
335 29701
339 7717
343 29575
347 35768
351 18181
355 44160
359 29582
363 29683
367 27581
371 24273
375 39201
379 13232
383 54746
387 32223
391 17101
395 35755
399 55946
403 30876
407 23185
411 64745
415 17868
419 9139
423 39940
427 47314
431 65246
435 54445
439 8033
443 45721
447 7326
451 49438
455 31405
459 21901
463 4430
467 38042
471 64690
475 58898
479 40999
483 12590
487 11251
491 50777
495 1254
499 20898
503 39032
507 35784
511 51789
515 19415
519 31922
523 10360
527 10345
531 44457
535 33982
539 36732
543 49626
547 55321
551 40998
555 16601
559 50634
563 1347
567 24204
571 21656
575 62027
579 48813
583 32573
587 45416
591 31567
595 10943
599 58865
603 57426
607 63316
611 18645
615 21074
619 6674
623 38165
627 8392
631 49144
635 41087
639 64588
643 61317
647 14141
651 46574
655 4905
659 31405
663 34774
667 1487
671 21890
675 65438
679 60388
683 50420
687 16107
691 6380
695 43360
699 50
703 45390
707 17182
711 3749
715 64141
719 47507
723 57094
727 53581
731 37063
735 22241
739 53172
743 21894
747 61332
751 1090
755 64326
759 14786
763 6579
767 47802
771 62945
775 13958
779 856
783 47222
787 28028
791 19972
795 14144
799 60999
803 55215
807 44632
811 35480
815 48118
819 15431
823 46411
827 17726
831 33941
835 9099
839 65102
843 39759
847 21922
851 7765
855 15160
859 63141
863 18310
867 46712
871 28486
875 62581
879 34481
883 37238
887 30781
891 11383
895 46662
899 40217
903 34146
907 40404
911 56378
915 18611
919 2179
923 38589
927 31175
931 29001
935 43927
939 11550
943 37771
947 49944
951 62009
955 48589
959 2227
963 36924
967 63422
971 9127
975 3470
979 53917
983 5145
987 20073
991 46089
995 26721
999 10381
1003 9846
1007 13530
1011 2214
1015 25010
1019 31914
1023 1622
1027 35557
1031 34703
1035 14356
1039 31989
1043 1551
1047 58960
1051 23874
1055 4707
1059 7161
1063 48283
1067 29398
1071 23072
1075 16455
1079 42120
1083 48638
1087 24712
1091 39307
1095 58387
1099 52209
1103 11206
1107 56051
1111 5548
1115 49523
1119 15232
1123 643
1127 28741
1131 56296
1135 4564
1139 39534
1143 11641
1147 12770
1151 30640
1155 5876
1159 30444
1163 40245
1167 30786
1171 30963
1175 19421
1179 21240
1183 53024
1187 8067
1191 12393
1195 12167
1199 46559
1203 8199
1207 43233
1211 62434
1215 53204
1219 39290
1223 60984
