# Reduced polynomial Q(Y) where P_A(X) = 32769*X + X^3 * Q(X^4)
# p=65537, A=256, B=17
# Degree: 305
# Nonzero terms: 306
# Evaluation: compute Y=X^4, then evaluate Q(Y) via PS
#
# Format: degree coefficient (mod 65537)
#
0 21468
1 17854
2 13974
3 49320
4 17968
5 56593
6 50904
7 30638
8 49291
9 1872
10 52991
11 33889
12 17694
13 26917
14 34803
15 48229
16 37965
17 32497
18 43561
19 10136
20 48672
21 3967
22 10292
23 27418
24 42757
25 40594
26 54746
27 12018
28 31897
29 6914
30 44953
31 57113
32 28455
33 3071
34 42764
35 7436
36 42288
37 20631
38 6959
39 53694
40 17544
41 40452
42 63774
43 42967
44 30245
45 33803
46 49661
47 55839
48 47098
49 25607
50 11600
51 25446
52 14262
53 22024
54 63605
55 30545
56 47812
57 41663
58 3973
59 33544
60 40325
61 1032
62 62203
63 44667
64 62815
65 23580
66 11351
67 21743
68 41693
69 14821
70 50761
71 16526
72 42530
73 37378
74 18889
75 42612
76 41881
77 16834
78 5357
79 50301
80 65031
81 47345
82 25517
83 29701
84 7717
85 29575
86 35768
87 18181
88 44160
89 29582
90 29683
91 27581
92 24273
93 39201
94 13232
95 54746
96 32223
97 17101
98 35755
99 55946
100 30876
101 23185
102 64745
103 17868
104 9139
105 39940
106 47314
107 65246
108 54445
109 8033
110 45721
111 7326
112 49438
113 31405
114 21901
115 4430
116 38042
117 64690
118 58898
119 40999
120 12590
121 11251
122 50777
123 1254
124 20898
125 39032
126 35784
127 51789
128 19415
129 31922
130 10360
131 10345
132 44457
133 33982
134 36732
135 49626
136 55321
137 40998
138 16601
139 50634
140 1347
141 24204
142 21656
143 62027
144 48813
145 32573
146 45416
147 31567
148 10943
149 58865
150 57426
151 63316
152 18645
153 21074
154 6674
155 38165
156 8392
157 49144
158 41087
159 64588
160 61317
161 14141
162 46574
163 4905
164 31405
165 34774
166 1487
167 21890
168 65438
169 60388
170 50420
171 16107
172 6380
173 43360
174 50
175 45390
176 17182
177 3749
178 64141
179 47507
180 57094
181 53581
182 37063
183 22241
184 53172
185 21894
186 61332
187 1090
188 64326
189 14786
190 6579
191 47802
192 62945
193 13958
194 856
195 47222
196 28028
197 19972
198 14144
199 60999
200 55215
201 44632
202 35480
203 48118
204 15431
205 46411
206 17726
207 33941
208 9099
209 65102
210 39759
211 21922
212 7765
213 15160
214 63141
215 18310
216 46712
217 28486
218 62581
219 34481
220 37238
221 30781
222 11383
223 46662
224 40217
225 34146
226 40404
227 56378
228 18611
229 2179
230 38589
231 31175
232 29001
233 43927
234 11550
235 37771
236 49944
237 62009
238 48589
239 2227
240 36924
241 63422
242 9127
243 3470
244 53917
245 5145
246 20073
247 46089
248 26721
249 10381
250 9846
251 13530
252 2214
253 25010
254 31914
255 1622
256 35557
257 34703
258 14356
259 31989
260 1551
261 58960
262 23874
263 4707
264 7161
265 48283
266 29398
267 23072
268 16455
269 42120
270 48638
271 24712
272 39307
273 58387
274 52209
275 11206
276 56051
277 5548
278 49523
279 15232
280 643
281 28741
282 56296
283 4564
284 39534
285 11641
286 12770
287 30640
288 5876
289 30444
290 40245
291 30786
292 30963
293 19421
294 21240
295 53024
296 8067
297 12393
298 12167
299 46559
300 8199
301 43233
302 62434
303 53204
304 39290
305 60984
